6817,0.0,60.54,True,0
6870,0.0,60.54,True,0
6922,0.0,60.54,True,0
6974,0.0,60.54,True,0
7026,0.0,60.54,True,0
7077,0.0,60.54,True,0
7130,0.0,60.54,True,0
7182,0.0,60.54,True,0
7234,0.0,60.54,True,0
7286,0.0,60.54,True,0
7339,0.0,60.54,True,0
7391,0.0,60.54,True,0
7443,0.0,60.54,True,0
7495,0.0,60.54,True,0
7546,0.0,60.54,True,0
7599,0.0,60.54,True,0
7651,0.0,60.54,True,0
7703,0.0,60.54,True,0
7755,0.0,60.54,True,0
7808,0.0,60.54,True,0
7860,0.0,60.54,True,0
7912,0.0,60.54,True,0
7963,0.0,60.54,True,0
8015,0.0,60.54,True,0
8068,0.0,60.54,True,0
8120,0.0,60.54,True,0
8172,0.0,60.54,True,0
8224,0.0,60.54,True,0
8276,0.0,60.54,True,0
8329,0.0,60.54,True,0
8380,0.0,60.54,True,0
8432,0.0,60.54,True,0
8484,0.0,60.54,True,0
8537,0.0,60.54,True,0
8589,0.0,60.54,True,0
8641,0.0,60.54,True,0
8693,0.0,60.54,True,0
8745,0.0,60.54,True,0
8798,0.0,60.54,True,0
8849,0.0,60.54,True,0
8901,0.0,60.54,True,0
8953,0.0,60.54,True,0
9006,0.0,60.54,True,0
9058,0.0,60.54,True,0
9110,0.0,60.54,True,0
9162,0.0,60.54,True,0
9214,0.0,60.54,True,0
9266,0.0,60.54,True,0
9318,0.0,60.54,True,0
9370,0.0,60.54,True,0
9422,0.0,60.54,True,0
9475,0.0,60.54,True,0
9527,0.0,60.54,True,0
9579,0.0,60.54,True,0
9631,0.0,60.54,True,0
9683,0.0,60.54,True,0
9735,0.0,60.54,True,0
9787,0.0,60.54,True,0
9839,0.0,60.54,True,0
9891,0.0,60.54,True,0
9944,0.0,60.54,True,0
9996,0.0,60.54,True,0
10048,0.0,60.54,True,0
10100,0.0,60.54,True,0
10152,0.0,60.54,True,0
10205,0.0,60.54,True,0
10257,0.0,60.54,True,0
10309,0.0,60.54,True,0
10360,0.0,60.54,True,0
10413,0.0,60.54,True,0
10465,0.0,60.54,True,0
10517,0.0,60.54,True,0
10569,0.0,60.54,True,0
10621,0.0,60.54,True,0
10674,0.0,60.54,True,0
10726,0.0,60.54,True,0
10778,0.0,60.54,True,0
10830,0.0,60.54,True,0
10883,0.0,60.54,True,0
10935,0.0,60.54,True,0
10987,0.0,60.54,True,0
11039,0.0,60.54,True,0
11091,0.0,60.54,True,0
11144,0.0,60.54,True,0
11196,0.0,60.54,True,0
11247,0.0,60.54,True,0
11299,0.0,60.54,True,0
11352,0.0,60.54,True,0
11404,0.0,60.54,True,0
11456,0.0,60.54,True,0
11508,0.0,60.54,True,0
11560,0.0,60.54,True,0
11613,0.0,60.54,True,0
11665,0.0,60.54,True,0
11717,0.0,60.54,True,0
11769,0.0,60.54,True,0
11822,0.0,60.54,True,0
11874,0.0,60.54,True,0
11926,0.0,60.54,True,0
11978,0.0,60.54,True,0
12030,0.0,60.54,True,0
12083,0.0,60.54,True,0
12135,0.0,60.54,True,0
12186,0.0,60.54,True,0
12238,0.0,60.54,True,0
12291,0.0,60.54,True,0
12343,0.0,60.54,True,0
12395,0.0,60.54,True,0
12447,0.0,60.54,True,0
12499,0.0,60.54,True,0
12552,0.0,60.54,True,0
12604,0.0,60.54,True,0
12656,0.0,60.54,True,0
12708,0.0,60.54,True,0
12761,0.0,60.54,True,0
12813,0.0,60.54,True,0
12865,0.0,60.54,True,0
12917,0.0,60.54,True,0
12969,0.0,60.54,True,0
13021,0.0,60.54,True,0
13073,0.0,60.54,True,0
13125,0.0,60.54,True,0
13177,0.0,60.54,True,0
13230,0.0,60.54,True,0
13282,0.0,60.54,True,0
13334,0.0,60.54,True,0
13386,0.0,60.54,True,0
13438,0.0,60.54,True,0
13491,0.0,60.54,True,0
13543,0.0,60.54,True,0
13595,0.0,60.54,True,0
13647,0.0,60.54,True,0
13700,0.0,60.22,False,False
13752,0.0,60.22,False,False
13804,0.0,60.22,False,False
13856,0.0,60.22,False,False
13907,0.0,60.22,False,False
13960,0.0,60.22,False,False
14012,0.0,60.22,False,False
14064,0.0,60.22,False,False
14116,0.0,60.22,False,False
14169,0.0,60.22,False,False
14221,0.0,60.22,False,False
14273,0.0,60.22,False,False
14325,0.0,60.22,False,False
14377,0.0,60.22,False,False
14430,0.0,60.22,False,False
14482,0.0,60.22,False,False
14534,0.0,60.22,False,False
14586,0.0,60.22,False,False
14639,0.0,60.22,False,False
14691,0.0,60.22,False,False
14742,0.0,60.22,False,False
14794,0.0,60.22,False,False
14846,0.0,60.22,False,False
14899,0.0,60.22,False,False
14951,0.0,60.22,False,False
15003,0.0,60.22,False,False
15055,0.0,60.22,False,False
15108,0.0,60.22,False,False
15160,0.0,60.22,False,False
15212,0.0,60.22,False,False
15264,0.0,60.22,False,False
15316,0.0,60.22,False,False
15369,0.0,60.22,False,False
15421,0.0,60.22,False,False
15473,0.0,60.22,False,False
15525,0.0,60.22,False,False
15577,0.0,60.22,False,False
15629,0.0,60.22,False,False
15681,0.0,59.9,False,False
15733,0.0,60.22,False,False
15785,0.0,60.22,False,False
15838,0.0,60.22,False,False
15890,0.0,60.22,False,False
15942,0.0,60.22,False,False
15994,0.0,59.9,False,False
16047,0.0,59.9,False,False
16099,0.0,59.9,False,False
16151,0.0,59.9,False,False
16203,0.0,59.9,False,False
16256,0.0,59.9,False,False
16308,0.0,59.9,False,False
16360,0.0,59.9,False,False
16412,0.0,59.9,False,False
16464,0.0,59.9,False,False
16517,0.0,59.9,False,False
16569,0.0,59.9,False,False
16621,0.0,59.9,False,False
16673,0.0,59.9,False,False
16724,0.0,59.58,False,False
16777,0.0,59.9,False,False
16829,0.0,59.58,False,False
16881,0.0,59.9,False,False
16933,0.0,59.9,False,False
16986,0.0,59.9,False,False
17038,0.0,59.9,False,False
17090,0.0,59.9,False,False
17142,0.0,59.9,False,False
17195,0.0,59.9,False,False
17247,0.0,59.9,False,False
17299,0.0,59.9,False,False
17351,0.0,59.9,False,False
17403,0.0,59.9,False,False
17456,0.0,59.9,False,False
17508,0.0,59.9,False,False
17560,0.0,59.9,False,False
17612,0.0,59.9,False,False
17665,0.0,59.9,False,False
17717,0.0,59.9,False,False
17769,0.0,59.9,False,False
17821,0.0,59.9,False,False
17873,0.0,59.9,False,False
17926,0.0,59.9,False,False
17978,0.0,59.9,False,False
18030,0.0,59.9,False,False
18081,0.0,59.9,False,False
18134,0.0,59.9,False,False
18186,0.0,59.58,False,False
18238,0.0,59.58,False,False
18290,0.0,59.58,False,False
18342,0.0,59.58,False,False
18395,0.0,59.58,False,False
18447,0.0,59.58,False,False
18499,0.0,59.58,False,False
18551,0.0,59.58,False,False
18604,0.0,59.58,False,False
18656,0.0,59.58,False,False
18708,0.0,59.58,False,False
18760,0.0,59.58,False,False
18812,0.0,59.58,False,False
18865,0.0,59.58,False,False
18917,0.0,59.58,False,False
18969,0.0,59.58,False,False
19021,0.0,59.58,False,False
19074,0.0,59.58,False,False
19126,0.0,59.58,False,False
19178,0.0,59.58,False,False
19230,0.0,59.58,False,False
19281,0.0,59.58,False,False
19334,0.0,59.58,False,False
19386,0.0,59.26,False,False
19438,0.0,59.58,False,False
19490,0.0,59.58,False,False
19543,0.0,59.58,False,False
19595,0.0,59.58,False,False
19647,0.0,59.58,False,False
19699,0.0,59.58,False,False
19751,0.0,59.58,False,False
19804,0.0,59.58,False,False
19856,0.0,59.58,False,False
19908,0.0,59.58,False,False
19960,0.0,59.58,False,False
20013,0.0,59.58,False,False
20065,0.0,59.58,False,False
20117,0.0,59.58,False,False
20169,0.0,59.58,False,False
20221,0.0,59.58,False,False
20274,0.0,59.58,False,False
20326,0.0,59.58,False,False
20378,0.0,59.58,False,False
20456,0.0,59.58,False,False
20508,0.0,59.58,False,False
20560,0.0,59.58,False,False
20613,0.0,59.58,False,False
20665,0.0,59.58,False,False
20717,0.0,59.58,False,False
20769,0.0,59.58,False,False
20822,0.0,59.58,False,False
20874,0.0,59.58,False,False
20926,0.0,59.58,False,False
20978,0.0,59.58,False,False
21030,0.0,59.58,False,False
21083,0.0,59.58,False,False
21134,0.0,59.58,False,False
21186,0.0,59.58,False,False
21238,0.0,59.58,False,False
21291,0.0,59.58,False,False
21343,0.0,59.58,False,False
21395,0.0,59.58,False,False
21447,0.0,59.58,False,False
21499,0.0,59.58,False,False
21552,0.0,59.26,False,False
21604,0.0,59.58,False,False
21656,0.0,59.26,False,False
21708,0.0,59.58,False,False
21761,0.0,59.58,False,False
21813,0.0,59.26,False,False
21865,0.0,59.58,False,False
21917,0.0,59.58,False,False
21969,0.0,59.58,False,False
22022,0.0,59.58,False,False
22074,0.0,59.58,False,False
22126,0.0,59.58,False,False
22178,0.0,59.58,False,False
22231,0.0,59.58,False,False
22283,0.0,59.26,False,False
22334,0.0,59.26,False,False
22386,0.0,59.26,False,False
22438,0.0,59.26,False,False
22491,0.0,59.26,False,False
22543,0.0,59.26,False,False
22595,0.0,59.26,False,False
22647,0.0,59.26,False,False
22700,0.0,59.26,False,False
22752,0.0,59.26,False,False
22804,0.0,59.26,False,False
22856,0.0,59.26,False,False
22908,0.0,59.26,False,False
22961,0.0,58.94,False,False
23013,0.0,58.94,False,False
23065,0.0,59.26,False,False
23117,0.0,59.26,False,False
23170,0.0,59.26,False,False
23222,0.0,59.26,False,False
23274,0.0,59.26,False,False
23326,0.0,59.26,False,False
23378,0.0,59.26,False,False
23430,0.0,59.26,False,False
23482,0.0,59.26,False,False
23534,0.0,59.26,False,False
23586,0.0,58.94,False,False
23639,0.0,59.26,False,False
23691,0.0,59.26,False,False
23743,0.0,59.26,False,False
23795,0.0,58.94,False,False
23847,0.0,58.94,False,False
23900,0.0,58.94,False,False
23952,0.0,58.94,False,False
24004,0.0,58.94,False,False
24056,0.0,58.94,False,False
24109,0.0,58.94,False,False
24161,0.0,58.94,False,False
24213,0.0,58.94,False,False
24265,0.0,58.94,False,False
24317,0.0,58.94,False,False
24370,0.0,58.94,False,False
24422,0.0,58.94,False,False
24474,0.0,58.94,False,False
24525,0.0,58.94,False,False
24578,0.0,58.94,False,False
24630,0.0,58.94,False,False
24682,0.0,58.94,False,False
24734,0.0,58.94,False,False
24786,0.0,58.94,False,False
24839,0.0,58.94,False,False
24891,0.0,58.62,False,False
24943,0.0,58.62,False,False
24995,0.0,58.62,False,False
25048,0.0,58.62,False,False
25100,0.0,58.62,False,False
25152,0.0,58.62,False,False
25204,0.0,58.62,False,False
25256,0.0,58.94,False,False
25309,0.0,58.62,False,False
25361,0.0,58.62,False,False
25413,0.0,58.62,False,False
25465,0.0,58.62,False,False
25518,0.0,58.62,False,False
25570,0.0,58.62,False,False
25621,0.0,58.62,False,False
25673,0.0,58.62,False,False
25725,0.0,58.62,False,False
25778,0.0,58.62,False,False
25830,0.0,58.62,False,False
25882,0.0,58.62,False,False
25934,0.0,58.62,False,False
25987,0.0,58.62,False,False
26039,0.0,58.62,False,False
26091,0.0,58.62,False,False
26143,0.0,58.62,False,False
26195,0.0,58.62,False,False
26248,0.0,58.62,False,False
26300,0.0,58.62,False,False
26352,0.0,58.62,False,False
26404,0.0,58.62,False,False
26457,0.0,58.62,False,False
26509,0.0,58.62,False,False
26561,0.0,58.62,False,False
26612,0.0,58.3,False,False
26664,0.0,58.62,False,False
26717,0.0,58.62,False,False
26769,0.0,58.3,False,False
26821,0.0,58.3,False,False
26873,0.0,58.3,False,False
26926,0.0,58.3,False,False
26978,0.0,58.3,False,False
27030,0.0,58.62,False,False
27082,0.0,58.3,False,False
27134,0.0,58.3,False,False
27187,0.0,58.3,False,False
27239,0.0,58.3,False,False
27291,0.0,58.3,False,False
27343,0.0,58.3,False,False
27396,0.0,58.3,False,False
27448,0.0,58.3,False,False
27500,0.0,58.3,False,False
27552,0.0,58.3,False,False
27604,0.0,57.98,False,False
27657,0.0,58.3,False,False
27708,0.0,58.3,False,False
27760,0.0,58.3,False,False
27812,0.0,58.3,False,False
27865,0.0,58.3,False,False
27917,0.0,58.3,False,False
27969,0.0,58.3,False,False
28021,0.0,58.3,False,False
28073,0.0,58.3,False,False
28126,0.0,58.3,False,False
28178,0.0,58.3,False,False
28230,0.0,58.3,False,False
28282,0.0,58.3,False,False
28335,0.0,58.3,False,False
28387,0.0,58.3,False,False
28439,0.0,58.3,False,False
28491,0.0,58.3,False,False
28544,0.0,58.3,False,False
28596,0.0,58.3,False,False
28648,0.0,58.3,False,False
28700,0.0,58.3,False,False
28752,0.0,58.3,False,False
28804,0.0,58.3,False,False
28856,0.0,58.3,False,False
28908,0.0,58.3,False,False
28960,0.0,58.3,False,False
29012,0.0,58.3,False,False
29065,0.0,58.3,False,False
29117,0.0,58.3,False,False
29169,0.0,58.3,False,False
29221,0.0,58.3,False,False
29274,0.0,58.3,False,False
29326,0.0,58.3,False,False
29378,0.0,58.3,False,False
29430,0.0,58.3,False,False
29483,0.0,58.3,False,False
29535,0.0,58.3,False,False
29587,0.0,58.3,False,False
29639,0.0,58.3,False,False
29691,0.0,57.98,False,False
29744,0.0,58.3,False,False
29796,0.0,58.3,False,False
29848,0.0,58.3,False,False
29899,0.0,58.3,False,False
29952,0.0,58.3,False,False
30004,0.0,58.3,False,False
30056,0.0,58.3,False,False
30108,0.0,58.3,False,False
30160,0.0,58.3,False,False
30213,0.0,58.3,False,False
30265,0.0,58.3,False,False
30317,0.0,58.3,False,False
30369,0.0,58.3,False,False
30422,0.0,57.98,False,False
30474,0.0,58.3,False,False
30526,0.0,58.3,False,False
30578,0.0,58.3,False,False
30630,0.0,58.3,False,False
30683,0.0,58.3,False,False
30735,0.0,58.3,False,False
30787,0.0,58.3,False,False
30839,0.0,58.3,False,False
30892,0.0,58.3,False,False
30944,0.0,58.3,False,False
30996,0.0,58.3,False,False
31047,0.0,58.3,False,False
31099,0.0,58.3,False,False
31152,0.0,57.98,False,False
31204,0.0,57.98,False,False
31256,0.0,57.98,False,False
31308,0.0,57.98,False,False
31361,0.0,57.98,False,False
31413,0.0,57.98,False,False
31465,0.0,57.98,False,False
31517,0.0,57.98,False,False
31569,0.0,57.66,False,False
31622,0.0,57.98,False,False
31674,0.0,57.98,False,False
31726,0.0,57.98,False,False
31778,0.0,57.66,False,False
31831,0.0,57.98,False,False
31883,0.0,57.66,False,False
31935,0.0,57.66,False,False
31987,0.0,57.66,False,False
32039,0.0,57.66,False,False
32092,0.0,57.66,False,False
32144,0.0,57.66,False,False
32195,0.0,57.34,False,False
32247,0.0,57.34,False,False
32300,0.0,57.34,False,False
32352,0.0,57.34,False,False
32404,0.0,57.34,False,False
32456,0.0,57.34,False,False
32508,0.0,57.34,False,False
32561,0.0,57.34,False,False
32613,0.0,57.02,False,False
32665,0.0,57.02,False,False
32717,0.0,57.02,False,False
32770,0.0,57.02,False,False
32822,0.0,57.02,False,False
32874,0.0,57.02,False,False
32926,0.0,57.02,False,False
32978,0.0,57.02,False,False
33031,0.0,57.02,False,False
33083,0.0,57.02,False,False
33134,0.0,57.02,False,False
33186,0.0,57.02,False,False
33239,0.0,57.02,False,False
33291,0.0,57.02,False,False
33343,0.0,57.02,False,False
33395,0.0,57.02,False,False
33447,0.0,56.7,False,False
33500,0.0,57.02,False,False
33552,0.0,57.02,False,False
33604,0.0,57.02,False,False
33656,0.0,56.7,False,False
33709,0.0,56.7,False,False
33761,0.0,56.7,False,False
33813,0.0,56.7,False,False
33865,0.0,56.7,False,False
33917,0.0,56.7,False,False
33970,0.0,56.7,False,False
34022,0.0,56.7,False,False
34074,0.0,56.7,False,False
34125,0.0,56.7,False,False
34178,0.0,56.7,False,False
34230,0.0,56.7,False,False
34282,0.0,56.7,False,False
34334,0.0,56.7,False,False
34386,0.0,56.7,False,False
34439,0.0,56.7,False,False
34491,0.0,56.7,False,False
34543,0.0,56.7,False,False
34595,0.0,56.7,False,False
34648,0.0,56.7,False,False
34700,0.0,56.7,False,False
34752,0.0,56.7,False,False
34804,0.0,56.7,False,False
34856,0.0,56.7,False,False
34909,0.0,56.7,False,False
34961,0.0,56.7,False,False
35013,0.0,56.7,False,False
35064,0.0,56.7,False,False
35117,0.0,56.7,False,False
35169,0.0,56.7,False,False
35221,0.0,56.7,False,False
35273,0.0,56.7,False,False
35325,0.0,56.7,False,False
35378,0.0,56.7,False,False
35430,0.0,56.7,False,False
35482,0.0,56.7,False,False
35534,0.0,56.7,False,False
35587,0.0,56.7,False,False
35639,0.0,56.7,False,False
35691,0.0,56.7,False,False
35743,0.0,56.7,False,False
35795,0.0,56.7,False,False
35848,0.0,56.7,False,False
35900,0.0,56.7,False,False
35952,0.0,56.7,False,False
36004,0.0,56.7,False,False
36056,0.0,56.7,False,False
36108,0.0,56.7,False,False
36160,0.0,56.7,False,False
36212,0.0,56.7,False,False
36264,0.0,56.7,False,False
36317,0.0,56.7,False,False
36369,0.0,56.7,False,False
36421,0.0,56.7,False,False
36473,0.0,56.7,False,False
36526,0.0,56.7,False,False
36578,0.0,56.7,False,False
36630,0.0,56.7,False,False
36682,0.0,56.7,False,False
36734,0.0,56.7,False,False
36787,0.0,56.7,False,False
36839,0.0,56.7,False,False
36891,0.0,56.7,False,False
36943,0.0,56.7,False,False
36996,0.0,56.7,False,False
37047,0.0,56.7,False,False
37099,0.0,56.7,False,False
37151,0.0,56.7,False,False
37203,0.0,56.7,False,False
37256,0.0,56.7,False,False
37308,0.0,56.7,False,False
37360,0.0,56.7,False,False
37412,0.0,56.7,False,False
37465,0.0,56.7,False,False
37517,0.0,56.7,False,False
37569,0.0,56.7,False,False
37621,0.0,56.7,False,False
37673,0.0,56.7,False,False
37726,0.0,56.7,False,False
37778,0.0,56.7,False,False
37830,0.0,56.7,False,False
37882,0.0,56.7,False,False
37935,0.0,56.7,False,False
37986,0.0,56.7,False,False
38038,0.0,56.7,False,False
38090,0.0,56.7,False,False
38142,0.0,56.7,False,False
38195,0.0,57.02,False,False
38247,0.0,56.7,False,False
38299,0.0,56.7,False,False
38351,0.0,56.7,False,False
38404,0.0,56.7,False,False
38456,0.0,56.7,False,False
38508,0.0,56.7,False,False
38560,0.0,56.7,False,False
38612,0.0,56.7,False,False
38665,0.0,56.7,False,False
38717,0.0,56.7,False,False
38769,0.0,56.7,False,False
38821,0.0,56.7,False,False
38874,0.0,56.7,False,False
38926,0.0,56.7,False,False
38977,0.0,56.7,False,False
39029,0.0,56.7,False,False
39081,0.0,56.7,False,False
39134,0.0,56.7,False,False
39186,0.0,56.7,False,False
39238,0.0,56.7,False,False
39290,0.0,56.7,False,False
39343,0.0,56.7,False,False
39395,0.0,56.7,False,False
39447,0.0,56.7,False,False
39499,0.0,56.7,False,False
39552,0.0,56.7,False,False
39604,0.0,56.7,False,False
39656,0.0,56.7,False,False
39708,0.0,56.7,False,False
39760,0.0,56.7,False,False
39813,0.0,56.7,False,False
39865,0.0,56.7,False,False
39916,0.0,56.7,False,False
39968,0.0,56.7,False,False
40020,0.0,56.7,False,False
40073,0.0,56.7,False,False
40125,0.0,56.7,False,False
40177,0.0,56.7,False,False
40229,0.0,56.7,False,False
40282,0.0,56.7,False,False
40334,0.0,56.38,False,False
40386,0.0,56.7,False,False
40438,0.0,56.7,False,False
40491,0.0,56.7,False,False
40543,0.0,56.38,False,False
40595,0.0,56.7,False,False
40647,0.0,56.7,False,False
40699,0.0,56.7,False,False
40752,0.0,56.7,False,False
40804,0.0,56.38,False,False
40856,0.0,56.38,False,False
40907,0.0,56.7,False,False
40960,0.0,56.7,False,False
41012,0.0,56.7,False,False
41064,0.0,56.38,False,False
41116,0.0,56.38,False,False
41168,0.0,56.7,False,False
41221,0.0,56.7,False,False
41273,0.0,56.7,False,False
41325,0.0,56.7,False,False
41377,0.0,56.7,False,False
41430,0.0,56.7,False,False
41482,0.0,56.7,False,False
41534,0.0,56.7,False,False
41586,0.0,56.7,False,False
41638,0.0,56.7,False,False
41691,0.0,56.7,False,False
41743,0.0,56.7,False,False
41795,0.0,56.7,False,False
41847,0.0,56.7,False,False
41899,0.0,56.7,False,False
41951,0.0,56.7,False,False
42003,0.0,56.7,False,False
42055,0.0,56.7,False,False
42107,0.0,56.7,False,False
42160,0.0,56.7,False,False
42212,0.0,56.7,False,False
42264,0.0,56.7,False,False
42316,0.0,56.7,False,False
42369,0.0,56.7,False,False
42421,0.0,56.7,False,False
42473,0.0,56.7,False,False
42525,0.0,56.7,False,False
42577,0.0,57.02,False,False
42630,0.0,56.7,False,False
42682,0.0,56.7,False,False
42734,0.0,56.7,False,False
42786,0.0,56.7,False,False
42839,0.0,56.7,False,False
42890,0.0,56.7,False,False
42942,0.0,56.7,False,False
42994,0.0,56.7,False,False
43046,0.0,56.7,False,False
43099,0.0,56.7,False,False
43151,0.0,56.7,False,False
43203,0.0,56.7,False,False
43255,0.0,57.02,False,False
43308,0.0,57.02,False,False
43360,0.0,56.7,False,False
43412,0.0,57.02,False,False
43464,0.0,57.02,False,False
43516,0.0,57.02,False,False
43569,0.0,57.02,False,False
43621,0.0,57.02,False,False
43673,0.0,57.02,False,False
43725,0.0,57.02,False,False
43778,0.0,57.02,False,False
43829,0.0,57.02,False,False
43881,0.0,57.02,False,False
43933,0.0,57.02,False,False
43985,0.0,57.02,False,False
44038,0.0,57.02,False,False
44090,0.0,57.02,False,False
44142,0.0,57.02,False,False
44194,0.0,57.02,False,False
44247,0.0,57.02,False,False
44299,0.0,57.02,False,False
44351,0.0,57.02,False,False
44403,0.0,57.02,False,False
44455,0.0,57.02,False,False
44508,0.0,57.02,False,False
44560,0.0,57.02,False,False
44612,0.0,57.02,False,False
44664,0.0,57.02,False,False
44717,0.0,57.02,False,False
44768,0.0,57.02,False,False
44820,0.0,57.02,False,False
44872,0.0,57.02,False,False
44924,0.0,57.02,False,False
44977,0.0,57.02,False,False
45029,0.0,57.02,False,False
45081,0.0,57.02,False,False
45133,0.0,57.34,False,False
45186,0.0,57.34,False,False
45238,0.0,57.34,False,False
45290,0.0,57.66,False,False
45342,0.0,57.34,False,False
45394,0.0,57.34,False,False
45447,0.0,57.34,False,False
45499,0.0,57.34,False,False
45551,0.0,57.02,False,False
45603,0.0,57.34,False,False
45656,0.0,57.34,False,False
45707,0.0,57.34,False,False
45759,0.0,57.34,False,False
45811,0.0,57.34,False,False
45863,0.0,57.34,False,False
45916,0.0,57.34,False,False
45968,0.0,57.34,False,False
46020,0.0,57.34,False,False
46072,0.0,57.34,False,False
46125,0.0,57.34,False,False
46177,0.0,57.34,False,False
46229,0.0,57.34,False,False
46281,0.0,57.34,False,False
46333,0.0,57.34,False,False
46386,0.0,57.34,False,False
46438,0.0,57.34,False,False
46490,0.0,57.34,False,False
46542,0.0,57.34,False,False
46595,0.0,57.34,False,False
46647,0.0,57.34,False,False
46698,0.0,57.34,False,False
46750,0.0,57.34,False,False
46802,0.0,57.34,False,False
46855,0.0,57.34,False,False
46907,0.0,57.34,False,False
46959,0.0,57.34,False,False
47011,0.0,57.34,False,False
47064,0.0,57.34,False,False
47116,0.0,57.34,False,False
47168,0.0,57.34,False,False
47220,0.0,57.34,False,False
47272,0.0,57.34,False,False
47325,0.0,57.34,False,False
47377,0.0,57.34,False,False
47429,0.0,57.34,False,False
47481,0.0,57.34,False,False
47534,0.0,57.34,False,False
47586,0.0,57.34,False,False
47638,0.0,57.34,False,False
47689,0.0,57.34,False,False
47741,0.0,57.34,False,False
47794,0.0,57.34,False,False
47846,0.0,57.34,False,False
47898,0.0,57.34,False,False
47950,0.0,57.34,False,False
48003,0.0,57.34,False,False
48055,0.0,57.34,False,False
48107,0.0,57.34,False,False
48159,0.0,57.34,False,False
48211,0.0,57.34,False,False
48264,0.0,57.34,False,False
48316,0.0,57.34,False,False
48368,0.0,57.34,False,False
48420,0.0,57.34,False,False
48473,0.0,57.34,False,False
48525,0.0,57.34,False,False
48577,0.0,57.02,False,False
48628,0.0,57.34,False,False
48680,0.0,57.34,False,False
48733,0.0,57.34,False,False
48785,0.0,57.34,False,False
48837,0.0,57.34,False,False
48889,0.0,57.34,False,False
48942,0.0,57.34,False,False
48994,0.0,57.34,False,False
49046,0.0,57.34,False,False
49098,0.0,57.02,False,False
49150,0.0,57.34,False,False
49203,0.0,57.02,False,False
49255,0.0,57.02,False,False
49307,0.0,57.02,False,False
49359,0.0,57.02,False,False
49412,0.0,57.02,False,False
49464,0.0,57.02,False,False
49516,0.0,57.02,False,False
49568,0.0,57.02,False,False
49619,0.0,57.02,False,False
49672,0.0,57.02,False,False
49724,0.0,57.34,False,False
49776,0.0,57.02,False,False
49828,0.0,57.02,False,False
49881,0.0,57.02,False,False
49933,0.0,57.02,False,False
49985,0.0,57.02,False,False
50037,0.0,57.02,False,False
50089,0.0,57.02,False,False
50142,0.0,57.02,False,False
50194,0.0,57.02,False,False
50246,0.0,57.02,False,False
50298,0.0,57.02,False,False
50351,0.0,57.02,False,False
50403,0.0,57.02,False,False
50455,0.0,57.02,False,False
50507,0.0,56.7,False,False
50558,0.0,57.02,False,False
50611,0.0,57.02,False,False
50663,0.0,57.02,False,False
50715,0.0,57.02,False,False
50767,0.0,57.02,False,False
50820,0.0,56.7,False,False
50872,0.0,57.02,False,False
50924,0.0,56.7,False,False
50976,0.0,57.02,False,False
51028,0.0,57.02,False,False
51081,0.0,56.7,False,False
51133,0.0,56.7,False,False
51185,0.0,56.7,False,False
51237,0.0,56.7,False,False
51290,0.0,56.7,False,False
51342,0.0,57.02,False,False
51394,0.0,56.7,False,False
51446,0.0,56.7,False,False
51497,0.0,57.02,False,False
51550,0.0,56.7,False,False
51602,0.0,56.7,False,False
51654,0.0,56.7,False,False
51706,0.0,56.7,False,False
51759,0.0,56.7,False,False
51811,0.0,56.7,False,False
51863,0.0,56.7,False,False
51915,0.0,56.7,False,False
51968,0.0,56.7,False,False
52020,0.0,56.7,False,False
52072,0.0,56.7,False,False
52124,0.0,56.7,False,False
52176,0.0,56.7,False,False
52229,0.0,56.7,False,False
52281,0.0,56.7,False,False
52333,0.0,56.7,False,False
52385,0.0,56.7,False,False
52436,0.0,56.7,False,False
52489,0.0,56.7,False,False
52541,0.0,56.7,False,False
52593,0.0,56.7,False,False
52645,0.0,56.7,False,False
52698,0.0,56.7,False,False
52750,0.0,56.7,False,False
52802,0.0,56.7,False,False
52854,0.0,56.7,False,False
52907,0.0,56.7,False,False
52959,0.0,56.7,False,False
53011,0.0,56.7,False,False
53063,0.0,56.7,False,False
53115,0.0,56.7,False,False
53168,0.0,56.7,False,False
53220,0.0,56.7,False,False
53272,0.0,56.7,False,False
53324,0.0,56.7,False,False
53376,0.0,56.7,False,False
53428,0.0,56.7,False,False
53480,0.0,56.7,False,False
53532,0.0,56.7,False,False
53584,0.0,56.7,False,False
53637,0.0,56.7,False,False
53689,0.0,56.7,False,False
53741,0.0,56.7,False,False
53793,0.0,57.02,False,False
53846,0.0,56.7,False,False
53898,0.0,56.7,False,False
53950,0.0,56.7,False,False
54002,0.0,56.7,False,False
54054,0.0,56.7,False,False
54107,0.0,56.7,False,False
54159,0.0,56.7,False,False
54211,0.0,56.7,False,False
54263,0.0,56.7,False,False
54316,0.0,56.7,False,False
54367,0.0,56.7,False,False
54419,0.0,56.7,False,False
54471,0.0,56.7,False,False
54523,0.0,56.7,False,False
54576,0.0,56.7,False,False
54628,0.0,56.7,False,False
54680,0.0,56.7,False,False
54732,0.0,56.7,False,False
54785,0.0,56.7,False,False
54837,0.0,56.7,False,False
54889,0.0,56.7,False,False
54941,0.0,56.7,False,False
54993,0.0,56.7,False,False
55046,0.0,56.7,False,False
55098,0.0,56.7,False,False
55150,0.0,56.7,False,False
55202,0.0,56.7,False,False
55255,0.0,56.7,False,False
55307,0.0,56.7,False,False
55358,0.0,56.7,False,False
55410,0.0,56.7,False,False
55462,0.0,56.7,False,False
55515,0.0,56.7,False,False
55567,0.0,56.7,False,False
55619,0.0,56.7,False,False
55671,0.0,56.7,False,False
55724,0.0,57.02,False,False
55776,0.0,56.7,False,False
55828,0.0,56.7,False,False
55880,0.0,56.38,False,False
55932,0.0,56.7,False,False
55985,0.0,56.7,False,False
56037,0.0,56.7,False,False
56089,0.0,56.7,False,False
56141,0.0,56.7,False,False
56194,0.0,56.7,False,False
56246,0.0,56.7,False,False
56298,0.0,56.7,False,False
56349,0.0,56.7,False,False
56401,0.0,56.7,False,False
56454,0.0,56.7,False,False
56506,0.0,56.7,False,False
56558,0.0,56.7,False,False
56610,0.0,56.7,False,False
56663,0.0,56.7,False,False
56715,0.0,56.7,False,False
56767,0.0,56.7,False,False
56819,0.0,56.7,False,False
56871,0.0,56.7,False,False
56924,0.0,56.7,False,False
56976,0.0,56.7,False,False
57028,0.0,56.7,False,False
57080,0.0,57.02,False,False
57133,0.0,56.7,False,False
57185,0.0,56.7,False,False
57237,0.0,56.7,False,False
57288,0.0,56.7,False,False
57340,0.0,56.7,False,False
57393,0.0,56.7,False,False
57445,0.0,56.7,False,False
57497,0.0,56.7,False,False
57549,0.0,56.7,False,False
57602,0.0,56.7,False,False
57654,0.0,56.7,False,False
57706,0.0,56.7,False,False
57758,0.0,56.7,False,False
57810,0.0,56.7,False,False
57863,0.0,56.7,False,False
57915,0.0,56.7,False,False
57967,0.0,56.7,False,False
58019,0.0,57.02,False,False
58072,0.0,56.7,False,False
58124,0.0,56.7,False,False
58176,0.0,56.7,False,False
58228,0.0,57.02,False,False
58279,0.0,56.7,False,False
58332,0.0,57.02,False,False
58384,0.0,57.02,False,False
58436,0.0,57.02,False,False
58488,0.0,57.02,False,False
58541,0.0,57.02,False,False
58593,0.0,57.02,False,False
58645,0.0,57.02,False,False
58697,0.0,57.02,False,False
58749,0.0,57.02,False,False
58802,0.0,57.02,False,False
58854,0.0,57.02,False,False
58906,0.0,57.02,False,False
58958,0.0,57.02,False,False
59011,0.0,57.34,False,False
59063,0.0,57.02,False,False
59115,0.0,57.02,False,False
59166,0.0,57.02,False,False
59218,0.0,57.02,False,False
59271,0.0,57.02,False,False
59323,0.0,57.02,False,False
59375,0.0,57.02,False,False
59427,0.0,57.02,False,False
59480,0.0,57.02,False,False
59532,0.0,57.02,False,False
59584,0.0,57.02,False,False
59636,0.0,57.02,False,False
59688,0.0,57.02,False,False
59741,0.0,57.02,False,False
59793,0.0,57.02,False,False
59845,0.0,57.02,False,False
59897,0.0,57.02,False,False
59950,0.0,57.02,False,False
60002,0.0,57.02,False,False
60054,0.0,57.02,False,False
60105,0.0,57.02,False,False
60157,0.0,57.02,False,False
60210,0.0,57.02,False,False
60262,0.0,57.02,False,False
60314,0.0,57.02,False,False
60366,0.0,57.02,False,False
60419,0.0,57.02,False,False
60471,0.0,57.02,False,False
60523,0.0,57.02,False,False
60575,0.0,57.02,False,False
60627,0.0,57.02,False,False
60680,0.0,57.02,False,False
60732,0.0,57.02,False,False
60784,0.0,57.02,False,False
60836,0.0,57.02,False,False
60889,0.0,57.02,False,False
60941,0.0,56.7,False,False
60992,0.0,57.02,False,False
61044,0.0,57.02,False,False
61096,0.0,57.02,False,False
61149,0.0,57.02,False,False
61201,0.0,57.02,False,False
61253,0.0,57.02,False,False
61305,0.0,57.02,False,False
61358,0.0,57.02,False,False
61410,0.0,57.02,False,False
61462,0.0,57.02,False,False
61514,0.0,57.02,False,False
61566,0.0,57.34,False,False
61619,0.0,57.02,False,False
61671,0.0,57.02,False,False
61723,0.0,57.02,False,False
61775,0.0,57.02,False,False
61828,0.0,57.02,False,False
61879,0.0,57.02,False,False
61931,0.0,57.02,False,False
61983,0.0,56.7,False,False
62035,0.0,57.02,False,False
62088,0.0,56.7,False,False
62140,0.0,57.02,False,False
62192,0.0,57.02,False,False
62244,0.0,57.02,False,False
62297,0.0,57.02,False,False
62349,0.0,57.02,False,False
62401,0.0,57.02,False,False
62453,0.0,56.7,False,False
62505,0.0,57.02,False,False
62558,0.0,57.02,False,False
62610,0.0,57.02,False,False
62662,0.0,57.02,False,False
62714,0.0,57.02,False,False
62767,0.0,56.7,False,False
62818,0.0,57.02,False,False
62870,0.0,57.02,False,False
62922,0.0,57.02,False,False
62974,0.0,57.02,False,False
63027,0.0,57.02,False,False
63079,0.0,57.02,False,False
63131,0.0,56.7,False,False
63183,0.0,56.7,False,False
63236,0.0,56.7,False,False
63288,0.0,56.7,False,False
63340,0.0,56.7,False,False
63392,0.0,56.7,False,False
63444,0.0,56.7,False,False
63497,0.0,56.7,False,False
63549,0.0,56.7,False,False
63601,0.0,56.7,False,False
63653,0.0,56.7,False,False
63706,0.0,56.7,False,False
63757,0.0,56.7,False,False
63809,0.0,56.7,False,False
63861,0.0,56.7,False,False
63913,0.0,56.38,False,False
63966,0.0,56.7,False,False
64018,0.0,56.7,False,False
64070,0.0,56.7,False,False
64122,0.0,56.7,False,False
64175,0.0,56.7,False,False
64227,0.0,56.38,False,False
64279,0.0,56.7,False,False
64331,0.0,56.7,False,False
64384,0.0,56.7,False,False
64436,0.0,56.7,False,False
64488,0.0,56.7,False,False
64540,0.0,56.7,False,False
64592,0.0,56.7,False,False
64645,0.0,56.7,False,False
64697,0.0,56.7,False,False
64748,0.0,56.7,False,False
64800,0.0,56.7,False,False
64852,0.0,56.7,False,False
64905,0.0,56.7,False,False
64957,0.0,56.7,False,False
65009,0.0,56.7,False,False
65061,0.0,56.7,False,False
65114,0.0,56.7,False,False
65166,0.0,56.7,False,False
65218,0.0,56.7,False,False
65270,0.0,56.7,False,False
65323,0.0,56.7,False,False
65375,0.0,56.7,False,False
65427,0.0,56.7,False,False
65479,0.0,56.7,False,False
65531,0.0,56.7,False,False
65584,0.0,56.7,False,False
65635,0.0,56.7,False,False
65687,0.0,56.7,False,False
65739,0.0,56.7,False,False
65792,0.0,56.7,False,False
65844,0.0,56.38,False,False
65896,0.0,56.7,False,False
65948,0.0,56.7,False,False
66000,0.0,56.7,False,False
66053,0.0,56.7,False,False
66105,0.0,56.7,False,False
66157,0.0,56.7,False,False
66209,0.0,56.7,False,False
66262,0.0,56.7,False,False
66314,0.0,56.38,False,False
66366,0.0,56.38,False,False
66418,0.0,56.7,False,False
66470,0.0,56.7,False,False
66523,0.0,56.7,False,False
66575,0.0,56.38,False,False
66627,0.0,56.38,False,False
66678,0.0,56.38,False,False
66731,0.0,56.38,False,False
66783,0.0,56.38,False,False
66835,0.0,56.38,False,False
66887,0.0,56.38,False,False
66939,0.0,56.38,False,False
66992,0.0,56.38,False,False
67044,0.0,56.38,False,False
67096,0.0,56.38,False,False
67148,0.0,56.38,False,False
67201,0.0,56.38,False,False
67253,0.0,56.38,False,False
67305,0.0,56.38,False,False
67357,0.0,56.38,False,False
67409,0.0,56.38,False,False
67462,0.0,56.38,False,False
67514,0.0,56.38,False,False
67566,0.0,56.38,False,False
67618,0.0,56.38,False,False
67671,0.0,56.38,False,False
67723,0.0,56.38,False,False
67774,0.0,56.38,False,False
67826,0.0,56.38,False,False
67878,0.0,56.38,False,False
67931,0.0,56.06,False,False
67983,0.0,56.38,False,False
68035,0.0,56.38,False,False
68087,0.0,56.38,False,False
68140,0.0,56.06,False,False
68192,0.0,56.06,False,False
68244,0.0,56.06,False,False
68296,0.0,56.38,False,False
68348,0.0,56.38,False,False
68401,0.0,56.38,False,False
68453,0.0,56.06,False,False
68505,0.0,56.06,False,False
68557,0.0,56.06,False,False
68610,0.0,56.06,False,False
68662,0.0,56.06,False,False
68714,0.0,56.06,False,False
68765,0.0,56.38,False,False
68817,0.0,56.06,False,False
68870,0.0,56.06,False,False
68922,0.0,56.06,False,False
68974,0.0,56.06,False,False
69026,0.0,56.06,False,False
69079,0.0,56.06,False,False
69131,0.0,56.06,False,False
69183,0.0,56.06,False,False
69235,0.0,56.06,False,False
69287,0.0,55.74,False,False
69340,0.0,56.06,False,False
69392,0.0,56.06,False,False
69444,0.0,56.06,False,False
69496,0.0,56.06,False,False
69549,0.0,56.06,False,False
69601,0.0,56.06,False,False
69653,0.0,56.06,False,False
69704,0.0,56.06,False,False
69756,0.0,56.06,False,False
69809,0.0,56.06,False,False
69861,0.0,56.06,False,False
69913,0.0,56.06,False,False
69965,0.0,56.06,False,False
70018,0.0,56.06,False,False
70070,0.0,55.74,False,False
70122,0.0,55.74,False,False
70174,0.0,55.74,False,False
70226,0.0,55.74,False,False
70279,0.0,55.74,False,False
70331,0.0,55.74,False,False
70383,0.0,55.74,False,False
70435,0.0,55.74,False,False
70488,0.0,55.74,False,False
70540,0.0,55.74,False,False
70592,0.0,55.74,False,False
70644,0.0,55.74,False,False
70695,0.0,56.06,False,False
70748,0.0,55.74,False,False
70800,0.0,55.74,False,False
70852,0.0,55.74,False,False
70904,0.0,55.74,False,False
70957,0.0,55.74,False,False
71009,0.0,55.74,False,False
71061,0.0,55.74,False,False
71113,0.0,55.74,False,False
71165,0.0,55.74,False,False
71218,0.0,55.74,False,False
71270,0.0,55.74,False,False
71322,0.0,55.74,False,False
71374,0.0,55.74,False,False
71427,0.0,55.74,False,False
71479,0.0,55.74,False,False
71531,0.0,55.74,False,False
71583,0.0,55.74,False,False
71635,0.0,55.74,False,False
71688,0.0,55.42,False,False
71740,0.0,55.74,False,False
71791,0.0,55.74,False,False
71843,0.0,55.74,False,False
71896,0.0,55.74,False,False
71948,0.0,55.74,False,False
72000,0.0,55.74,False,False
72052,0.0,55.74,False,False
72104,0.0,55.74,False,False
72157,0.0,55.74,False,False
72209,0.0,55.74,False,False
72261,0.0,55.74,False,False
72313,0.0,55.74,False,False
72366,0.0,55.74,False,False
72418,0.0,55.74,False,False
72470,0.0,55.74,False,False
72522,0.0,55.74,False,False
72574,0.0,55.74,False,False
72627,0.0,55.74,False,False
72679,0.0,55.74,False,False
72731,0.0,55.74,False,False
72782,0.0,55.42,False,False
72835,0.0,55.42,False,False
72887,0.0,55.74,False,False
72939,0.0,55.74,False,False
72991,0.0,55.74,False,False
73043,0.0,55.74,False,False
73096,0.0,55.74,False,False
73148,0.0,55.74,False,False
73200,0.0,55.74,False,False
73252,0.0,55.74,False,False
73305,0.0,55.74,False,False
73357,0.0,55.74,False,False
73409,0.0,55.74,False,False
73461,0.0,55.74,False,False
73513,0.0,55.74,False,False
73566,0.0,55.74,False,False
73618,0.0,55.74,False,False
73670,0.0,55.74,False,False
73722,0.0,55.74,False,False
73775,0.0,55.74,False,False
73827,0.0,55.74,False,False
73878,0.0,55.74,False,False
73930,0.0,55.74,False,False
73982,0.0,55.42,False,False
74035,0.0,55.74,False,False
74087,0.0,55.74,False,False
74139,0.0,55.74,False,False
74191,0.0,55.74,False,False
74244,0.0,55.74,False,False
74296,0.0,55.74,False,False
74348,0.0,55.74,False,False
74400,0.0,55.42,False,False
74452,0.0,55.42,False,False
74505,0.0,55.42,False,False
74557,0.0,55.42,False,False
74609,0.0,55.42,False,False
74661,0.0,55.42,False,False
74714,0.0,55.42,False,False
74766,0.0,55.42,False,False
74818,0.0,55.42,False,False
74870,0.0,55.42,False,False
74921,0.0,55.42,False,False
74974,0.0,55.42,False,False
75026,0.0,55.42,False,False
75078,0.0,55.42,False,False
75130,0.0,55.42,False,False
75183,0.0,55.42,False,False
75235,0.0,55.42,False,False
75287,0.0,55.42,False,False
75339,0.0,55.42,False,False
75392,0.0,55.42,False,False
75444,0.0,55.42,False,False
75496,0.0,55.42,False,False
75548,0.0,55.42,False,False
75600,0.0,55.42,False,False
75653,0.0,55.42,False,False
75705,0.0,55.42,False,False
75757,0.0,55.42,False,False
75809,0.0,55.42,False,False
75860,0.0,55.42,False,False
75913,0.0,55.1,False,False
75965,0.0,55.1,False,False
76017,0.0,55.1,False,False
76069,0.0,55.1,False,False
76122,0.0,55.1,False,False
76174,0.0,55.1,False,False
76226,0.0,55.42,False,False
76278,0.0,55.1,False,False
76331,0.0,55.1,False,False
76383,0.0,55.1,False,False
76435,0.0,55.1,False,False
76487,0.0,55.1,False,False
76539,0.0,55.1,False,False
76592,0.0,55.1,False,False
76644,0.0,55.1,False,False
76696,0.0,55.42,False,False
76747,0.0,55.1,False,False
76800,0.0,54.78,False,False
76852,0.0,54.78,False,False
76904,0.0,55.1,False,False
76956,0.0,55.1,False,False
77008,0.0,55.1,False,False
77061,0.0,55.1,False,False
77113,0.0,54.78,False,False
77165,0.0,54.78,False,False
77217,0.0,54.78,False,False
77270,0.0,54.78,False,False
77322,0.0,54.78,False,False
77374,0.0,54.78,False,False
77426,0.0,54.78,False,False
77478,0.0,54.78,False,False
77531,0.0,54.78,False,False
77583,0.0,54.78,False,False
77635,0.0,54.78,False,False
77687,0.0,54.78,False,False
77739,0.0,54.78,False,False
77791,0.0,54.78,False,False
77843,0.0,54.78,False,False
77895,0.0,54.78,False,False
77947,0.0,54.78,False,False
78000,0.0,54.78,False,False
78052,0.0,54.78,False,False
78104,0.0,54.78,False,False
78156,0.0,54.78,False,False
78209,0.0,54.46,False,False
78261,0.0,54.46,False,False
78313,0.0,54.46,False,False
78365,0.0,54.46,False,False
78417,0.0,54.46,False,False
78470,0.0,54.46,False,False
78522,0.0,54.46,False,False
78574,0.0,54.46,False,False
78626,0.0,54.46,False,False
78679,0.0,54.46,False,False
78731,0.0,54.46,False,False
78782,0.0,54.46,False,False
78834,0.0,54.46,False,False
78886,0.0,54.46,False,False
78939,0.0,54.46,False,False
78991,0.0,54.46,False,False
79043,0.0,54.46,False,False
79095,0.0,54.46,False,False
79148,0.0,54.46,False,False
79200,0.0,54.46,False,False
79252,0.0,54.46,False,False
79304,0.0,54.46,False,False
79356,0.0,54.46,False,False
79409,0.0,54.46,False,False
79461,0.0,54.14,False,False
79513,0.0,54.14,False,False
79565,0.0,54.46,False,False
79618,0.0,54.46,False,False
79670,0.0,54.46,False,False
79722,0.0,54.14,False,False
79773,0.0,54.14,False,False
79825,0.0,54.14,False,False
79878,0.0,54.14,False,False
79930,0.0,54.14,False,False
79982,0.0,54.46,False,False
80034,0.0,54.46,False,False
80087,0.0,54.46,False,False
80139,0.0,54.46,False,False
80191,0.0,54.46,False,False
80243,0.0,54.46,False,False
80295,0.0,54.46,False,False
80348,0.0,54.14,False,False
80400,0.0,54.46,False,False
80452,0.0,54.46,False,False
80504,0.0,54.46,False,False
80557,0.0,54.46,False,False
80609,0.0,54.46,False,False
80661,0.0,54.46,False,False
80712,0.0,54.46,False,False
80764,0.0,54.46,False,False
80817,0.0,54.46,False,False
80869,0.0,54.46,False,False
80921,0.0,54.46,False,False
80973,0.0,54.46,False,False
81026,0.0,54.46,False,False
81078,0.0,54.46,False,False
81130,0.0,54.46,False,False
81182,0.0,54.46,False,False
81234,0.0,54.46,False,False
81287,0.0,54.46,False,False
81339,0.0,54.46,False,False
81391,0.0,54.46,False,False
81443,0.0,54.46,False,False
81496,0.0,54.46,False,False
81548,0.0,54.46,False,False
81600,0.0,54.46,False,False
81652,0.0,54.46,False,False
81703,0.0,54.46,False,False
81756,0.0,54.46,False,False
81808,0.0,54.46,False,False
81860,0.0,54.46,False,False
81912,0.0,54.46,False,False
81965,0.0,54.46,False,False
82017,0.0,54.46,False,False
82069,0.0,54.46,False,False
82121,0.0,54.46,False,False
82173,0.0,54.46,False,False
82226,0.0,54.46,False,False
82278,0.0,54.46,False,False
82330,0.0,54.46,False,False
82382,0.0,54.46,False,False
82435,0.0,54.46,False,False
82487,0.0,54.46,False,False
82539,0.0,54.46,False,False
82591,0.0,54.46,False,False
82643,0.0,54.46,False,False
82695,0.0,54.46,False,False
82747,0.0,54.46,False,False
82799,0.0,54.46,False,False
82851,0.0,54.46,False,False
82904,0.0,54.46,False,False
82956,0.0,54.46,False,False
83008,0.0,54.46,False,False
83060,0.0,54.46,False,False
83112,0.0,54.46,False,False
83165,0.0,54.46,False,False
83217,0.0,54.46,False,False
83269,0.0,54.46,False,False
83321,0.0,54.46,False,False
83374,0.0,54.46,False,False
83426,0.0,54.46,False,False
83478,0.0,54.46,False,False
83530,0.0,54.46,False,False
83582,0.0,54.78,False,False
83635,0.0,54.46,False,False
83686,0.0,54.46,False,False
83738,0.0,54.46,False,False
83790,0.0,54.46,False,False
83843,0.0,54.46,False,False
83895,0.0,54.46,False,False
83947,0.0,54.46,False,False
83999,0.0,54.78,False,False
84051,0.0,54.46,False,False
84104,0.0,54.46,False,False
84156,0.0,54.46,False,False
84208,0.0,54.46,False,False
84260,0.0,54.46,False,False
84313,0.0,54.46,False,False
84365,0.0,54.46,False,False
84417,0.0,54.46,False,False
84469,0.0,54.46,False,False
84521,0.0,54.46,False,False
84574,0.0,54.46,False,False
84626,0.0,54.46,False,False
84677,0.0,54.46,False,False
84729,0.0,54.46,False,False
84782,0.0,54.46,False,False
84834,0.0,54.46,False,False
84886,0.0,54.46,False,False
84938,0.0,54.46,False,False
84990,0.0,54.46,False,False
85043,0.0,54.46,False,False
85095,0.0,54.46,False,False
85147,0.0,54.46,False,False
85199,0.0,54.46,False,False
85252,0.0,54.46,False,False
85304,0.0,54.46,False,False
85356,0.0,54.46,False,False
85408,0.0,54.46,False,False
85460,0.0,54.46,False,False
85513,0.0,54.14,False,False
85565,0.0,54.14,False,False
85616,0.0,54.14,False,False
85668,0.0,54.46,False,False
85721,0.0,54.46,False,False
85773,0.0,54.14,False,False
85825,0.0,54.14,False,False
85877,0.0,54.14,False,False
85929,0.0,54.14,False,False
85982,0.0,54.14,False,False
86034,0.0,54.14,False,False
86086,0.0,54.14,False,False
86138,0.0,54.14,False,False
86191,0.0,54.14,False,False
86243,0.0,54.14,False,False
86295,0.0,54.14,False,False
86347,0.0,54.14,False,False
86400,0.0,54.14,False,False
86452,0.0,54.14,False,False
86504,0.0,54.14,False,False
86555,0.0,54.14,False,False
86607,0.0,54.14,False,False
86660,0.0,54.14,False,False
86712,0.0,54.14,False,False
86764,0.0,53.82,False,False
86816,0.0,54.14,False,False
86868,0.0,54.14,False,False
86921,0.0,54.14,False,False
86973,0.0,54.14,False,False
87025,0.0,54.14,False,False
87077,0.0,53.82,False,False
87130,0.0,53.82,False,False
87182,0.0,53.82,False,False
87234,0.0,53.82,False,False
87286,0.0,53.82,False,False
87339,0.0,53.82,False,False
87391,0.0,53.82,False,False
87443,0.0,53.82,False,False
87494,0.0,53.82,False,False
87546,0.0,53.82,False,False
87599,0.0,53.82,False,False
87651,0.0,54.14,False,False
87703,0.0,53.82,False,False
87755,0.0,53.82,False,False
87808,0.0,53.82,False,False
87860,0.0,53.82,False,False
87912,0.0,53.82,False,False
87964,0.0,53.82,False,False
88016,0.0,53.82,False,False
88069,0.0,53.82,False,False
88121,0.0,53.82,False,False
88173,0.0,53.82,False,False
88225,0.0,53.82,False,False
88278,0.0,53.82,False,False
88330,0.0,53.82,False,False
88382,0.0,53.82,False,False
88433,0.0,53.82,False,False
88485,0.0,53.82,False,False
88538,0.0,53.82,False,False
88590,0.0,53.82,False,False
88642,0.0,53.82,False,False
88694,0.0,53.82,False,False
88747,0.0,53.82,False,False
88799,0.0,53.82,False,False
88851,0.0,53.82,False,False
88903,0.0,53.82,False,False
88955,0.0,53.82,False,False
89008,0.0,53.82,False,False
89060,0.0,53.82,False,False
89112,0.0,53.82,False,False
89164,0.0,53.82,False,False
89217,0.0,53.82,False,False
89269,0.0,53.82,False,False
89321,0.0,53.82,False,False
89373,0.0,53.82,False,False
89424,0.0,53.82,False,False
89477,0.0,53.82,False,False
89529,0.0,53.82,False,False
89581,0.0,53.82,False,False
89633,0.0,53.82,False,False
89686,0.0,53.82,False,False
89738,0.0,53.82,False,False
89790,0.0,53.82,False,False
89842,0.0,53.82,False,False
89894,0.0,53.82,False,False
89947,0.0,53.82,False,False
89999,0.0,53.82,False,False
90051,0.0,53.82,False,False
90103,0.0,53.82,False,False
90156,0.0,53.82,False,False
90208,0.0,53.82,False,False
90260,0.0,53.82,False,False
90312,0.0,53.82,False,False
90363,0.0,53.82,False,False
90416,0.0,53.82,False,False
90468,0.0,53.82,False,False
90520,0.0,53.82,False,False
90572,0.0,53.82,False,False
90625,0.0,53.82,False,False
90677,0.0,53.82,False,False
90729,0.0,53.82,False,False
90781,0.0,53.82,False,False
90833,0.0,53.82,False,False
90886,0.0,53.82,False,False
90938,0.0,53.82,False,False
90990,0.0,53.82,False,False
91042,0.0,53.82,False,False
91095,0.0,53.82,False,False
91147,0.0,53.82,False,False
91199,0.0,53.82,False,False
91251,0.0,53.82,False,False
91303,0.0,53.82,False,False
91355,0.0,53.82,False,False
91407,0.0,53.82,False,False
91459,0.0,53.82,False,False
91511,0.0,53.82,False,False
91564,0.0,53.82,False,False
91616,0.0,53.82,False,False
91668,0.0,53.82,False,False
91720,0.0,53.82,False,False
91772,0.0,53.82,False,False
91825,0.0,53.82,False,False
91877,0.0,53.82,False,False
91929,0.0,53.82,False,False
91981,0.0,53.82,False,False
92034,0.0,53.82,False,False
92086,0.0,53.82,False,False
92138,0.0,53.82,False,False
92190,0.0,53.82,False,False
92242,0.0,53.82,False,False
92295,0.0,53.82,False,False
92346,0.0,53.82,False,False
92398,0.0,53.82,False,False
92450,0.0,53.82,False,False
92503,0.0,53.82,False,False
92555,0.0,53.82,False,False
92607,0.0,53.82,False,False
92659,0.0,53.82,False,False
92711,0.0,53.82,False,False
92764,0.0,53.82,False,False
92816,0.0,53.82,False,False
92868,0.0,53.82,False,False
92920,0.0,53.82,False,False
92973,0.0,53.82,False,False
93025,0.0,53.82,False,False
93077,0.0,53.82,False,False
93129,0.0,53.82,False,False
93181,0.0,53.82,False,False
93234,0.0,53.82,False,False
93286,0.0,53.82,False,False
93337,0.0,53.82,False,False
93389,0.0,53.82,False,False
93442,0.0,53.82,False,False
93494,0.0,53.82,False,False
93546,0.0,53.82,False,False
93598,0.0,53.82,False,False
93650,0.0,53.82,False,False
93703,0.0,53.82,False,False
93755,0.0,53.82,False,False
93807,0.0,53.82,False,False
93859,0.0,53.82,False,False
93912,0.0,53.82,False,False
93964,0.0,53.82,False,False
94016,0.0,53.82,False,False
94068,0.0,53.82,False,False
94120,0.0,53.82,False,False
94173,0.0,53.82,False,False
94225,0.0,53.82,False,False
94276,0.0,53.82,False,False
94328,0.0,53.82,False,False
94381,0.0,53.82,False,False
94433,0.0,53.82,False,False
94485,0.0,54.14,False,False
94537,0.0,53.82,False,False
94589,0.0,53.82,False,False
94642,0.0,54.14,False,False
94694,0.0,53.82,False,False
94746,0.0,53.82,False,False
94798,0.0,53.82,False,False
94851,0.0,54.14,False,False
94903,0.0,54.14,False,False
94955,0.0,54.14,False,False
95007,0.0,54.14,False,False
95059,0.0,54.14,False,False
95112,0.0,54.14,False,False
95164,0.0,54.14,False,False
95215,0.0,54.14,False,False
95267,0.0,54.14,False,False
95320,0.0,54.14,False,False
95372,0.0,54.14,False,False
95424,0.0,54.14,False,False
95476,0.0,54.14,False,False
95528,0.0,54.14,False,False
95581,0.0,54.14,False,False
95633,0.0,54.14,False,False
95685,0.0,54.14,False,False
95737,0.0,54.14,False,False
95790,0.0,54.14,False,False
95842,0.0,54.14,False,False
95894,0.0,54.14,False,False
95946,0.0,54.14,False,False
95998,0.0,54.14,False,False
96051,0.0,54.14,False,False
96103,0.0,54.46,False,False
96154,0.0,54.14,False,False
96206,0.0,54.14,False,False
96259,0.0,54.14,False,False
96311,0.0,54.14,False,False
96363,0.0,54.46,False,False
96415,0.0,54.14,False,False
96467,0.0,54.46,False,False
96520,0.0,54.46,False,False
96572,0.0,54.46,False,False
96624,0.0,54.14,False,False
96676,0.0,54.46,False,False
96729,0.0,54.46,False,False
96781,0.0,54.14,False,False
96833,0.0,54.46,False,False
96885,0.0,54.46,False,False
96937,0.0,54.46,False,False
96990,0.0,54.46,False,False
97042,0.0,54.46,False,False
97093,0.0,54.46,False,False
97145,0.0,54.46,False,False
97198,0.0,54.46,False,False
97250,0.0,54.46,False,False
97302,0.0,54.46,False,False
97354,0.0,54.46,False,False
97406,0.0,54.46,False,False
97459,0.0,54.46,False,False
97511,0.0,54.46,False,False
97563,0.0,54.46,False,False
97615,0.0,54.46,False,False
97668,0.0,54.46,False,False
97720,0.0,54.46,False,False
97772,0.0,54.46,False,False
97824,0.0,54.46,False,False
97876,0.0,54.46,False,False
97929,0.0,54.46,False,False
97981,0.0,54.46,False,False
98033,0.0,54.46,False,False
98085,0.0,54.46,False,False
98137,0.0,54.46,False,False
98189,0.0,54.46,False,False
98241,0.0,54.46,False,False
98293,0.0,54.14,False,False
98345,0.0,54.78,False,False
98398,0.0,54.46,False,False
98450,0.0,54.46,False,False
98502,0.0,54.46,False,False
98554,0.0,54.46,False,False
98607,0.0,54.46,False,False
98659,0.0,54.46,False,False
98711,0.0,54.46,False,False
98763,0.0,54.78,False,False
98816,0.0,54.78,False,False
98868,0.0,54.46,False,False
98920,0.0,54.78,False,False
98972,0.0,54.46,False,False
99024,0.0,54.46,False,False
99077,0.0,54.46,False,False
99128,0.0,54.46,False,False
99180,0.0,54.78,False,False
99232,0.0,54.46,False,False
99284,0.0,54.46,False,False
99337,0.0,54.78,False,False
99389,0.0,54.78,False,False
99441,0.0,54.46,False,False
99493,0.0,54.46,False,False
99546,0.0,54.46,False,False
99598,0.0,54.46,False,False
99650,0.0,54.46,False,False
99702,0.0,54.46,False,False
99755,0.0,54.78,False,False
99807,0.0,54.46,False,False
99859,0.0,54.46,False,False
99911,0.0,54.46,False,False
99963,0.0,54.78,False,False
100016,0.0,54.46,False,False
100068,0.0,54.46,False,False
100120,0.0,54.46,False,False
100172,0.0,54.46,False,False
100225,0.0,54.46,False,False
100277,0.0,54.46,False,False
100329,0.0,54.46,False,False
100381,0.0,54.46,False,False
100433,0.0,54.46,False,False
100486,0.0,54.46,False,False
100538,0.0,54.46,False,False
100590,0.0,54.46,False,False
100642,0.0,54.46,False,False
100695,0.0,54.46,False,False
100747,0.0,54.46,False,False
100799,0.0,54.46,False,False
100851,0.0,54.78,False,False
100903,0.0,54.46,False,False
100956,0.0,54.46,False,False
101008,0.0,54.46,False,False
101060,0.0,54.46,False,False
101112,0.0,54.46,False,False
101165,0.0,54.46,False,False
101217,0.0,54.46,False,False
101269,0.0,54.46,False,False
101321,0.0,54.46,False,False
101373,0.0,54.46,False,False
101426,0.0,54.78,False,False
101478,0.0,54.46,False,False
101530,0.0,54.46,False,False
101582,0.0,54.46,False,False
101635,0.0,54.46,False,False
101687,0.0,54.46,False,False
101739,0.0,54.46,False,False
101791,0.0,54.46,False,False
101843,0.0,54.78,False,False
101896,0.0,54.78,False,False
101948,0.0,54.78,False,False
102000,0.0,54.78,False,False
102052,0.0,54.78,False,False
102105,0.0,54.78,False,False
102157,0.0,55.1,False,False
102209,0.0,54.78,False,False
102261,0.0,54.78,False,False
102313,0.0,54.78,False,False
102366,0.0,54.78,False,False
102418,0.0,54.78,False,False
102470,0.0,54.78,False,False
102522,0.0,54.78,False,False
102575,0.0,54.78,False,False
102627,0.0,54.78,False,False
102679,0.0,54.78,False,False
102731,0.0,54.78,False,False
102784,0.0,54.78,False,False
102836,0.0,54.78,False,False
102888,0.0,54.78,False,False
102940,0.0,54.78,False,False
102992,0.0,54.78,False,False
103045,0.0,54.78,False,False
103097,0.0,54.78,False,False
103149,0.0,54.78,False,False
103201,0.0,54.78,False,False
103254,0.0,54.78,False,False
103306,0.0,54.78,False,False
103358,0.0,54.78,False,False
103410,0.0,54.78,False,False
103462,0.0,54.78,False,False
103515,0.0,54.78,False,False
103567,0.0,54.78,False,False
103619,0.0,54.78,False,False
103672,0.0,54.78,False,False
103725,0.0,54.78,False,False
103777,0.0,54.78,False,False
103829,0.0,54.78,False,False
103881,0.0,54.78,False,False
103933,0.0,54.78,False,False
103986,0.0,54.78,False,False
104038,0.0,54.78,False,False
104090,0.0,54.78,False,False
104142,0.0,54.78,False,False
104195,0.0,54.78,False,False
104247,0.0,55.1,False,False
104299,0.0,54.78,False,False
104351,0.0,54.78,False,False
104403,0.0,54.78,False,False
104456,0.0,54.78,False,False
104508,0.0,55.1,False,False
104560,0.0,54.78,False,False
104612,0.0,54.78,False,False
104665,0.0,54.78,False,False
104717,0.0,54.78,False,False
104769,0.0,54.78,False,False
104821,0.0,54.78,False,False
104873,0.0,54.78,False,False
104926,0.0,54.78,False,False
104978,0.0,54.78,False,False
105030,0.0,54.78,False,False
105082,0.0,54.78,False,False
105135,0.0,54.78,False,False
105187,0.0,54.78,False,False
105239,0.0,55.1,False,False
105291,0.0,55.1,False,False
105344,0.0,55.1,False,False
105396,0.0,54.78,False,False
105448,0.0,54.78,False,False
105500,0.0,54.78,False,False
105605,0.0,54.78,False,False
105657,0.0,54.78,False,False
105709,0.0,54.78,False,False
105761,0.0,54.78,False,False
105814,0.0,54.78,False,False
105866,0.0,54.78,False,False
105918,0.0,54.78,False,False
105970,0.0,54.78,False,False
106022,0.0,54.78,False,False
106075,0.0,54.78,False,False
106127,0.0,54.78,False,False
106179,0.0,54.78,False,False
106231,0.0,54.78,False,False
106284,0.0,54.78,False,False
106336,0.0,54.78,False,False
106388,0.0,54.78,False,False
106440,0.0,54.78,False,False
106492,0.0,54.78,False,False
106545,0.0,54.78,False,False
106597,0.0,54.78,False,False
106649,0.0,54.78,False,False
106701,0.0,54.78,False,False
106754,0.0,54.78,False,False
106806,0.0,54.78,False,False
106858,0.0,54.78,False,False
106910,0.0,54.78,False,False
106962,0.0,54.78,False,False
107015,0.0,54.78,False,False
107067,0.0,54.78,False,False
107119,0.0,54.78,False,False
107171,0.0,54.78,False,False
107224,0.0,54.78,False,False
107276,0.0,54.78,False,False
107328,0.0,54.78,False,False
107381,0.0,54.78,False,False
107433,0.0,54.78,False,False
107486,0.0,54.78,False,False
107538,0.0,54.78,False,False
107590,0.0,54.78,False,False
107642,0.0,54.78,False,False
107695,0.0,54.78,False,False
107747,0.0,54.78,False,False
107799,0.0,54.78,False,False
107851,0.0,54.78,False,False
107904,0.0,54.78,False,False
107956,0.0,54.78,False,False
108008,0.0,54.78,False,False
108060,0.0,54.46,False,False
108112,0.0,54.78,False,False
108165,0.0,54.78,False,False
108217,0.0,54.78,False,False
108269,0.0,54.78,False,False
108321,0.0,54.78,False,False
108374,0.0,54.78,False,False
108426,0.0,54.78,False,False
108478,0.0,54.78,False,False
108530,0.0,54.78,False,False
108582,0.0,54.78,False,False
108635,0.0,54.78,False,False
108687,0.0,54.78,False,False
108739,0.0,54.78,False,False
108791,0.0,54.78,False,False
108844,0.0,54.78,False,False
108896,0.0,54.78,False,False
108948,0.0,54.78,False,False
109000,0.0,54.78,False,False
109052,0.0,54.78,False,False
109105,0.0,54.78,False,False
109157,0.0,55.1,False,False
109209,0.0,54.78,False,False
109261,0.0,54.78,False,False
109314,0.0,54.78,False,False
109366,0.0,54.78,False,False
109418,0.0,54.78,False,False
109470,0.0,54.78,False,False
109522,0.0,54.78,False,False
109575,0.0,54.78,False,False
109627,0.0,54.78,False,False
109679,0.0,54.78,False,False
109731,0.0,54.78,False,False
109784,0.0,55.1,False,False
109836,0.0,55.1,False,False
109888,0.0,54.78,False,False
109940,0.0,54.78,False,False
109992,0.0,54.78,False,False
110045,0.0,54.78,False,False
110097,0.0,54.78,False,False
110149,0.0,54.78,False,False
110201,0.0,54.78,False,False
110254,0.0,54.78,False,False
110306,0.0,54.78,False,False
110358,0.0,54.78,False,False
110410,0.0,54.46,False,False
110462,0.0,54.78,False,False
110515,0.0,54.78,False,False
110567,0.0,54.78,False,False
110619,0.0,54.78,False,False
110671,0.0,54.78,False,False
110724,0.0,54.78,False,False
110776,0.0,54.78,False,False
110828,0.0,54.78,False,False
110880,0.0,54.78,False,False
110932,0.0,54.78,False,False
110986,0.0,54.78,False,False
111038,0.0,54.78,False,False
111090,0.0,54.78,False,False
111142,0.0,54.78,False,False
111195,0.0,54.78,False,False
111247,0.0,54.78,False,False
111299,0.0,54.78,False,False
111351,0.0,54.78,False,False
111404,0.0,54.78,False,False
111456,0.0,54.78,False,False
111508,0.0,54.78,False,False
111560,0.0,54.78,False,False
111612,0.0,54.78,False,False
111665,0.0,54.78,False,False
111717,0.0,54.78,False,False
111769,0.0,54.78,False,False
111821,0.0,54.46,False,False
111874,0.0,54.78,False,False
111926,0.0,54.78,False,False
111978,0.0,54.78,False,False
112030,0.0,54.78,False,False
112082,0.0,54.78,False,False
112135,0.0,54.78,False,False
112187,0.0,54.78,False,False
112239,0.0,54.78,False,False
112291,0.0,54.78,False,False
112344,0.0,54.78,False,False
112396,0.0,54.78,False,False
112448,0.0,54.78,False,False
112500,0.0,54.78,False,False
112552,0.0,54.78,False,False
112605,0.0,54.46,False,False
112657,0.0,54.78,False,False
112709,0.0,54.78,False,False
112761,0.0,54.78,False,False
112814,0.0,54.78,False,False
112866,0.0,54.78,False,False
112918,0.0,54.78,False,False
112970,0.0,54.78,False,False
113022,0.0,54.46,False,False
113075,0.0,54.78,False,False
113127,0.0,54.78,False,False
113179,0.0,54.78,False,False
113231,0.0,54.78,False,False
113284,0.0,54.78,False,False
113336,0.0,54.78,False,False
113388,0.0,54.78,False,False
113440,0.0,54.78,False,False
113492,0.0,54.78,False,False
113545,0.0,54.78,False,False
113597,0.0,54.78,False,False
113649,0.0,54.78,False,False
113701,0.0,54.78,False,False
113754,0.0,54.78,False,False
113806,0.0,54.78,False,False
113858,0.0,54.78,False,False
113910,0.0,54.78,False,False
113963,0.0,54.78,False,False
114015,0.0,54.78,False,False
114067,0.0,54.78,False,False
114119,0.0,54.78,False,False
114171,0.0,54.78,False,False
114224,0.0,54.78,False,False
114276,0.0,54.78,False,False
114328,0.0,54.78,False,False
114380,0.0,54.78,False,False
114433,0.0,54.46,False,False
114486,0.0,54.46,False,False
114538,0.0,54.78,False,False
114590,0.0,54.78,False,False
114642,0.0,54.78,False,False
114695,0.0,54.78,False,False
114747,0.0,54.78,False,False
114799,0.0,54.78,False,False
114851,0.0,54.78,False,False
114904,0.0,54.78,False,False
114956,0.0,54.78,False,False
115008,0.0,54.78,False,False
115060,0.0,54.46,False,False
115112,0.0,54.78,False,False
115165,0.0,54.78,False,False
115217,0.0,54.78,False,False
115269,0.0,54.78,False,False
115321,0.0,54.46,False,False
115374,0.0,54.78,False,False
115426,0.0,54.78,False,False
115478,0.0,54.78,False,False
115530,0.0,54.78,False,False
115582,0.0,54.46,False,False
115635,0.0,54.46,False,False
115687,0.0,54.46,False,False
115739,0.0,54.46,False,False
115791,0.0,54.46,False,False
115844,0.0,54.46,False,False
115896,0.0,54.46,False,False
115948,0.0,54.46,False,False
116000,0.0,54.46,False,False
116052,0.0,54.46,False,False
116105,0.0,54.46,False,False
116157,0.0,54.46,False,False
116209,0.0,54.46,False,False
116261,0.0,54.46,False,False
116314,0.0,54.46,False,False
116366,0.0,54.46,False,False
116418,0.0,54.46,False,False
116470,0.0,54.46,False,False
116523,0.0,54.46,False,False
116575,0.0,54.46,False,False
116627,0.0,54.46,False,False
116679,0.0,54.46,False,False
116731,0.0,54.46,False,False
116784,0.0,54.46,False,False
116836,0.0,54.46,False,False
116888,0.0,54.46,False,False
116940,0.0,54.78,False,False
116993,0.0,54.46,False,False
117045,0.0,54.78,False,False
117097,0.0,54.46,False,False
117149,0.0,54.46,False,False
117201,0.0,54.46,False,False
117254,0.0,54.46,False,False
117306,0.0,54.46,False,False
117358,0.0,54.78,False,False
117410,0.0,54.78,False,False
117463,0.0,54.78,False,False
117515,0.0,54.78,False,False
117567,0.0,54.78,False,False
117619,0.0,54.78,False,False
117671,0.0,54.78,False,False
117724,0.0,54.78,False,False
117776,0.0,54.78,False,False
117828,0.0,54.78,False,False
117880,0.0,54.78,False,False
117933,0.0,54.78,False,False
117985,0.0,54.78,False,False
118037,0.0,54.78,False,False
118089,0.0,54.78,False,False
118141,0.0,55.1,False,False
118194,0.0,55.1,False,False
118246,0.0,55.1,False,False
118298,0.0,55.1,False,False
118350,0.0,55.1,False,False
118403,0.0,54.78,False,False
118455,0.0,55.1,False,False
118507,0.0,55.1,False,False
118559,0.0,55.1,False,False
118611,0.0,55.1,False,False
118664,0.0,55.1,False,False
118716,0.0,55.1,False,False
118768,0.0,55.42,False,False
118820,0.0,55.1,False,False
118873,0.0,55.1,False,False
118925,0.0,55.1,False,False
118977,0.0,55.1,False,False
119029,0.0,55.1,False,False
119081,0.0,55.1,False,False
119134,0.0,55.42,False,False
119186,0.0,55.42,False,False
119238,0.0,55.42,False,False
119290,0.0,55.42,False,False
119343,0.0,55.42,False,False
119395,0.0,55.42,False,False
119447,0.0,55.42,False,False
119499,0.0,55.42,False,False
119552,0.0,55.42,False,False
119604,0.0,55.42,False,False
119656,0.0,55.42,False,False
119708,0.0,55.42,False,False
119760,0.0,55.42,False,False
119813,0.0,55.42,False,False
119865,0.0,55.42,False,False
119917,0.0,55.42,False,False
119969,0.0,55.42,False,False
120022,0.0,55.42,False,False
120075,0.0,55.42,False,False
120127,0.0,55.42,False,False
120179,0.0,55.42,False,False
120231,0.0,55.42,False,False
120284,0.0,55.42,False,False
120336,0.0,55.42,False,False
120388,0.0,55.42,False,False
120440,0.0,55.42,False,False
120493,0.0,55.42,False,False
120545,0.0,55.42,False,False
120597,0.0,55.42,False,False
120649,0.0,55.42,False,False
120701,0.0,55.42,False,False
120754,0.0,55.42,False,False
120806,0.0,55.42,False,False
120858,0.0,55.42,False,False
120910,0.0,55.42,False,False
120963,0.0,55.42,False,False
121015,0.0,55.42,False,False
121067,0.0,55.42,False,False
121119,0.0,55.42,False,False
121171,0.0,55.42,False,False
121224,0.0,55.42,False,False
121276,0.0,55.42,False,False
121328,0.0,55.42,False,False
121380,0.0,55.42,False,False
121433,0.0,55.42,False,False
121485,0.0,55.74,False,False
121537,0.0,55.74,False,False
121589,0.0,55.42,False,False
121641,0.0,55.74,False,False
121694,0.0,55.74,False,False
121746,0.0,55.74,False,False
121798,0.0,56.06,False,False
121850,0.0,55.74,False,False
121903,0.0,55.74,False,False
121955,0.0,55.74,False,False
122007,0.0,55.74,False,False
122059,0.0,55.74,False,False
122112,0.0,55.74,False,False
122164,0.0,55.74,False,False
122216,0.0,55.74,False,False
122268,0.0,55.74,False,False
122320,0.0,55.74,False,False
122373,0.0,55.74,False,False
122425,0.0,55.74,False,False
122477,0.0,55.74,False,False
122529,0.0,55.74,False,False
122582,0.0,55.74,False,False
122634,0.0,55.74,False,False
122686,0.0,55.74,False,False
122738,0.0,56.06,False,False
122790,0.0,55.74,False,False
122843,0.0,55.74,False,False
122895,0.0,55.74,False,False
122947,0.0,55.74,False,False
122999,0.0,55.74,False,False
123052,0.0,55.74,False,False
123104,0.0,55.74,False,False
123156,0.0,55.74,False,False
123208,0.0,55.74,False,False
123260,0.0,55.74,False,False
123313,0.0,55.74,False,False
123365,0.0,55.74,False,False
123417,0.0,55.74,False,False
123469,0.0,55.74,False,False
123522,0.0,55.74,False,False
123574,0.0,55.74,False,False
123626,0.0,55.74,False,False
123678,0.0,55.74,False,False
123730,0.0,55.74,False,False
123783,0.0,55.74,False,False
123835,0.0,55.74,False,False
123887,0.0,55.74,False,False
123939,0.0,55.74,False,False
123992,0.0,55.74,False,False
124044,0.0,55.74,False,False
124096,0.0,55.74,False,False
124148,0.0,55.74,False,False
124200,0.0,55.74,False,False
124253,0.0,55.74,False,False
124305,0.0,55.74,False,False
124357,0.0,55.74,False,False
124409,0.0,55.74,False,False
124462,0.0,55.74,False,False
124514,0.0,55.74,False,False
124566,0.0,55.74,False,False
124618,0.0,55.74,False,False
124670,0.0,55.74,False,False
124723,0.0,55.74,False,False
124776,0.0,55.74,False,False
124828,0.0,55.74,False,False
124880,0.0,55.74,False,False
124933,0.0,55.74,False,False
124985,0.0,55.74,False,False
125037,0.0,55.74,False,False
125089,0.0,55.74,False,False
125142,0.0,55.74,False,False
125194,0.0,55.74,False,False
125246,0.0,55.74,False,False
125298,0.0,55.74,False,False
125350,0.0,55.74,False,False
125403,0.0,55.74,False,False
125455,0.0,55.74,False,False
125507,0.0,55.74,False,False
125559,0.0,55.74,False,False
125612,0.0,55.74,False,False
125664,0.0,55.74,False,False
125716,0.0,55.74,False,False
125768,0.0,55.74,False,False
125820,0.0,55.74,False,False
125873,0.0,55.74,False,False
125925,0.0,55.74,False,False
125977,0.0,55.74,False,False
126029,0.0,55.74,False,False
126082,0.0,55.74,False,False
126134,0.0,55.42,False,False
126186,0.0,55.74,False,False
126238,0.0,55.74,False,False
126290,0.0,55.74,False,False
126343,0.0,55.74,False,False
126395,0.0,55.74,False,False
126447,0.0,55.74,False,False
126499,0.0,56.06,False,False
126552,0.0,55.74,False,False
126604,0.0,55.74,False,False
126656,0.0,55.74,False,False
126708,0.0,55.74,False,False
126760,0.0,55.74,False,False
126813,0.0,55.74,False,False
126865,0.0,55.74,False,False
126917,0.0,55.74,False,False
126969,0.0,55.74,False,False
127022,0.0,55.42,False,False
127074,0.0,55.74,False,False
127126,0.0,55.42,False,False
127178,0.0,55.42,False,False
127230,0.0,55.42,False,False
127283,0.0,55.42,False,False
127335,0.0,55.42,False,False
127387,0.0,55.42,False,False
127439,0.0,55.42,False,False
127492,0.0,55.42,False,False
127544,0.0,55.42,False,False
127596,0.0,55.42,False,False
127648,0.0,55.42,False,False
127700,0.0,55.42,False,False
127753,0.0,55.42,False,False
127805,0.0,55.42,False,False
127857,0.0,55.42,False,False
127909,0.0,55.42,False,False
127962,0.0,55.42,False,False
128014,0.0,55.42,False,False
128066,0.0,55.42,False,False
128118,0.0,55.42,False,False
128171,0.0,55.42,False,False
128223,0.0,55.42,False,False
128275,0.0,55.42,False,False
128327,0.0,55.42,False,False
128379,0.0,55.42,False,False
128432,0.0,55.42,False,False
128484,0.0,55.42,False,False
128536,0.0,55.42,False,False
128588,0.0,55.1,False,False
128641,0.0,55.1,False,False
128693,0.0,55.42,False,False
128745,0.0,55.1,False,False
128797,0.0,55.1,False,False
128849,0.0,55.1,False,False
128902,0.0,55.1,False,False
128954,0.0,55.1,False,False
129006,0.0,55.1,False,False
129058,0.0,55.1,False,False
129111,0.0,55.1,False,False
129163,0.0,55.1,False,False
129215,0.0,55.1,False,False
129267,0.0,55.1,False,False
129319,0.0,55.1,False,False
129372,0.0,55.1,False,False
129424,0.0,55.1,False,False
129476,0.0,55.1,False,False
129528,0.0,55.1,False,False
129581,0.0,55.1,False,False
129633,0.0,55.1,False,False
129685,0.0,55.1,False,False
129737,0.0,54.78,False,False
129789,0.0,55.1,False,False
129842,0.0,55.1,False,False
129894,0.0,55.1,False,False
129946,0.0,55.1,False,False
129998,0.0,55.1,False,False
130051,0.0,55.1,False,False
130103,0.0,55.1,False,False
130155,0.0,55.1,False,False
130207,0.0,55.1,False,False
130259,0.0,55.1,False,False
130312,0.0,55.1,False,False
130364,0.0,55.1,False,False
130416,0.0,55.1,False,False
130468,0.0,55.1,False,False
130521,0.0,55.1,False,False
130573,0.0,55.1,False,False
130625,0.0,55.1,False,False
130677,0.0,55.1,False,False
130729,0.0,55.1,False,False
130782,0.0,55.1,False,False
130834,0.0,55.1,False,False
130886,0.0,55.1,False,False
130938,0.0,55.1,False,False
130991,0.0,55.1,False,False
131043,0.0,55.1,False,False
131095,0.0,55.1,False,False
131147,0.0,55.1,False,False
131200,0.0,55.1,False,False
131252,0.0,55.1,False,False
131304,0.0,55.1,False,False
131356,0.0,55.1,False,False
131408,0.0,55.1,False,False
131461,0.0,54.78,False,False
131513,0.0,54.78,False,False
131565,0.0,54.78,False,False
131617,0.0,54.46,False,False
131670,0.0,54.78,False,False
131722,0.0,54.78,False,False
131774,0.0,54.78,False,False
131826,0.0,54.78,False,False
131878,0.0,54.46,False,False
131931,0.0,54.46,False,False
131984,0.0,54.46,False,False
132036,0.0,54.46,False,False
132088,0.0,54.46,False,False
132141,0.0,54.46,False,False
132193,0.0,54.46,False,False
132245,0.0,54.46,False,False
132297,0.0,54.14,False,False
132349,0.0,54.46,False,False
132402,0.0,54.46,False,False
132454,0.0,54.46,False,False
132506,0.0,54.46,False,False
132558,0.0,54.46,False,False
132611,0.0,54.46,False,False
132663,0.0,54.14,False,False
132715,0.0,54.14,False,False
132767,0.0,54.46,False,False
132819,0.0,54.46,False,False
132872,0.0,54.46,False,False
132924,0.0,54.46,False,False
132976,0.0,54.14,False,False
133028,0.0,54.14,False,False
133081,0.0,54.14,False,False
133133,0.0,54.14,False,False
133185,0.0,54.14,False,False
133237,0.0,54.14,False,False
133289,0.0,54.14,False,False
133342,0.0,54.14,False,False
133394,0.0,54.14,False,False
133446,0.0,54.14,False,False
133498,0.0,54.14,False,False
133551,0.0,53.82,False,False
133603,0.0,54.14,False,False
133655,0.0,54.14,False,False
133707,0.0,54.14,False,False
133760,0.0,54.14,False,False
133812,0.0,54.14,False,False
133864,0.0,54.14,False,False
133916,0.0,54.14,False,False
133968,0.0,54.14,False,False
134021,0.0,54.14,False,False
134073,0.0,54.46,False,False
134125,0.0,54.14,False,False
134177,0.0,54.14,False,False
134230,0.0,54.14,False,False
134282,0.0,54.14,False,False
134334,0.0,54.14,False,False
134386,0.0,54.14,False,False
134438,0.0,54.14,False,False
134491,0.0,54.14,False,False
134543,0.0,54.14,False,False
134595,0.0,54.14,False,False
134647,0.0,54.14,False,False
134700,0.0,54.14,False,False
134752,0.0,54.14,False,False
134804,0.0,54.14,False,False
134856,0.0,54.14,False,False
134908,0.0,54.14,False,False
134961,0.0,54.14,False,False
135013,0.0,54.14,False,False
135065,0.0,54.14,False,False
135117,0.0,54.14,False,False
135170,0.0,54.14,False,False
135222,0.0,54.14,False,False
135274,0.0,53.82,False,False
135326,0.0,53.82,False,False
135378,0.0,54.14,False,False
135431,0.0,54.14,False,False
135483,0.0,54.14,False,False
135535,0.0,54.14,False,False
135587,0.0,54.14,False,False
135640,0.0,54.14,False,False
135692,0.0,53.82,False,False
135744,0.0,53.82,False,False
135796,0.0,53.82,False,False
135848,0.0,53.82,False,False
135901,0.0,53.82,False,False
135953,0.0,53.82,False,False
136005,0.0,53.82,False,False
136057,0.0,53.82,False,False
136110,0.0,53.82,False,False
136162,0.0,53.82,False,False
136214,0.0,53.82,False,False
136266,0.0,53.82,False,False
136318,0.0,53.82,False,False
136371,0.0,53.82,False,False
136423,0.0,53.82,False,False
136475,0.0,53.82,False,False
136527,0.0,54.14,False,False
136580,0.0,53.82,False,False
136632,0.0,53.82,False,False
136684,0.0,53.82,False,False
136736,0.0,53.82,False,False
136788,0.0,53.82,False,False
136841,0.0,53.82,False,False
136893,0.0,53.82,False,False
136945,0.0,53.82,False,False
136997,0.0,53.82,False,False
137050,0.0,53.82,False,False
137102,0.0,53.82,False,False
137154,0.0,53.82,False,False
137206,0.0,53.82,False,False
137259,0.0,53.82,False,False
137311,0.0,53.82,False,False
137363,0.0,53.82,False,False
137415,0.0,53.82,False,False
137467,0.0,53.82,False,False
137520,0.0,53.82,False,False
137572,0.0,53.82,False,False
137624,0.0,53.82,False,False
137676,0.0,53.82,False,False
137729,0.0,53.82,False,False
137781,0.0,53.82,False,False
137833,0.0,53.82,False,False
137885,0.0,53.82,False,False
137937,0.0,53.82,False,False
137990,0.0,53.82,False,False
138042,0.0,53.82,False,False
138094,0.0,53.82,False,False
138146,0.0,53.82,False,False
138199,0.0,53.82,False,False
138251,0.0,53.82,False,False
138303,0.0,53.82,False,False
138355,0.0,53.82,False,False
138407,0.0,54.14,False,False
138460,0.0,54.14,False,False
138512,0.0,53.82,False,False
138564,0.0,53.82,False,False
138616,0.0,53.82,False,False
138669,0.0,53.82,False,False
138721,0.0,53.82,False,False
138773,0.0,53.82,False,False
138825,0.0,54.14,False,False
138877,0.0,53.82,False,False
138930,0.0,54.14,False,False
138982,0.0,53.82,False,False
139034,0.0,53.82,False,False
139086,0.0,53.82,False,False
139139,0.0,54.14,False,False
139191,0.0,54.14,False,False
139243,0.0,54.14,False,False
139295,0.0,54.14,False,False
139347,0.0,54.14,False,False
139400,0.0,54.14,False,False
139452,0.0,54.14,False,False
139504,0.0,54.14,False,False
139556,0.0,54.14,False,False
139609,0.0,54.46,False,False
139661,0.0,54.46,False,False
139713,0.0,54.46,False,False
139765,0.0,54.46,False,False
139817,0.0,54.46,False,False
139870,0.0,54.46,False,False
139922,0.0,54.78,False,False
139974,0.0,54.46,False,False
140026,0.0,54.46,False,False
140079,0.0,54.46,False,False
140131,0.0,54.46,False,False
140183,0.0,54.46,False,False
140235,0.0,54.46,False,False
140288,0.0,54.46,False,False
140340,0.0,54.46,False,False
140392,0.0,54.46,False,False
140444,0.0,54.46,False,False
140496,0.0,54.46,False,False
140549,0.0,54.46,False,False
140601,0.0,54.46,False,False
140653,0.0,54.46,False,False
140705,0.0,54.46,False,False
140758,0.0,54.46,False,False
140810,0.0,54.46,False,False
140862,0.0,54.46,False,False
140914,0.0,54.46,False,False
140966,0.0,54.46,False,False
141019,0.0,54.78,False,False
141071,0.0,54.46,False,False
141123,0.0,54.46,False,False
141175,0.0,54.46,False,False
141228,0.0,54.78,False,False
141280,0.0,54.46,False,False
141332,0.0,54.46,False,False
141384,0.0,54.46,False,False
141436,0.0,54.78,False,False
141489,0.0,54.78,False,False
141542,0.0,54.78,False,False
141594,0.0,54.78,False,False
141646,0.0,54.78,False,False
141699,0.0,54.78,False,False
141751,0.0,54.78,False,False
141803,0.0,54.78,False,False
141855,0.0,54.78,False,False
141907,0.0,54.78,False,False
141960,0.0,54.78,False,False
142012,0.0,54.78,False,False
142064,0.0,54.78,False,False
142116,0.0,54.78,False,False
142169,0.0,54.78,False,False
142221,0.0,54.78,False,False
142273,0.0,54.78,False,False
142325,0.0,54.78,False,False
142377,0.0,54.78,False,False
142430,0.0,54.78,False,False
142482,0.0,54.78,False,False
142534,0.0,54.78,False,False
142586,0.0,54.78,False,False
142639,0.0,54.78,False,False
142691,0.0,54.78,False,False
142743,0.0,54.46,False,False
142795,0.0,54.78,False,False
142848,0.0,54.46,False,False
142900,0.0,54.46,False,False
142952,0.0,54.78,False,False
143004,0.0,54.46,False,False
143056,0.0,54.46,False,False
143109,0.0,54.78,False,False
143161,0.0,54.46,False,False
143213,0.0,54.46,False,False
143265,0.0,54.46,False,False
143318,0.0,54.78,False,False
143370,0.0,54.46,False,False
143422,0.0,54.46,False,False
143474,0.0,54.46,False,False
143526,0.0,54.46,False,False
143579,0.0,54.46,False,False
143631,0.0,54.46,False,False
143683,0.0,54.46,False,False
143735,0.0,54.46,False,False
143788,0.0,54.46,False,False
143840,0.0,54.46,False,False
143892,0.0,54.46,False,False
143944,0.0,54.46,False,False
143996,0.0,54.46,False,False
144049,0.0,54.46,False,False
144101,0.0,54.46,False,False
144153,0.0,54.46,False,False
144205,0.0,54.46,False,False
144258,0.0,54.46,False,False
144310,0.0,54.46,False,False
144362,0.0,54.46,False,False
144414,0.0,54.46,False,False
144466,0.0,54.46,False,False
144519,0.0,54.46,False,False
144571,0.0,54.46,False,False
144623,0.0,54.46,False,False
144675,0.0,54.46,False,False
144728,0.0,54.46,False,False
144780,0.0,54.46,False,False
144832,0.0,54.46,False,False
144884,0.0,54.46,False,False
144936,0.0,54.46,False,False
144989,0.0,54.46,False,False
145041,0.0,54.46,False,False
145093,0.0,54.46,False,False
145145,0.0,54.46,False,False
145198,0.0,54.46,False,False
145250,0.0,54.46,False,False
145302,0.0,54.46,False,False
145354,0.0,54.46,False,False
145406,0.0,54.46,False,False
145459,0.0,54.46,False,False
145511,0.0,54.46,False,False
145563,0.0,54.46,False,False
145615,0.0,54.46,False,False
145668,0.0,54.46,False,False
145720,0.0,54.46,False,False
145772,0.0,54.46,False,False
145824,0.0,54.46,False,False
145876,0.0,54.46,False,False
145929,0.0,54.46,False,False
145981,0.0,54.14,False,False
146033,0.0,54.14,False,False
146086,0.0,53.82,False,False
146139,0.0,54.14,False,False
146191,0.0,54.14,False,False
146243,0.0,53.82,False,False
146295,0.0,53.82,False,False
146348,0.0,53.82,False,False
146400,0.0,53.82,False,False
146452,0.0,53.82,False,False
146504,0.0,53.82,False,False
146556,0.0,53.5,False,False
146609,0.0,53.5,False,False
146661,0.0,53.5,False,False
146713,0.0,53.5,False,False
146765,0.0,53.5,False,False
146818,0.0,53.5,False,False
146870,0.0,53.18,False,False
146922,0.0,53.18,False,False
146974,0.0,53.18,False,False
147026,0.0,53.18,False,False
147079,0.0,53.18,False,False
147131,0.0,53.18,False,False
147183,0.0,53.18,False,False
147235,0.0,53.18,False,False
147288,0.0,53.18,False,False
147340,0.0,53.18,False,False
147392,0.0,53.18,False,False
147444,0.0,53.18,False,False
147496,0.0,53.18,False,False
147549,0.0,53.18,False,False
147601,0.0,53.18,False,False
147653,0.0,52.86,False,False
147705,0.0,52.86,False,False
147758,0.0,52.86,False,False
147810,0.0,53.18,False,False
147862,0.0,53.18,False,False
147914,0.0,53.18,False,False
147966,0.0,52.86,False,False
148019,0.0,52.86,False,False
148071,0.0,52.86,False,False
148123,0.0,53.18,False,False
148175,0.0,53.18,False,False
148228,0.0,53.18,False,False
148280,0.0,53.18,False,False
148332,0.0,52.86,False,False
148384,0.0,53.18,False,False
148436,0.0,53.18,False,False
148489,0.0,53.18,False,False
148541,0.0,53.18,False,False
148593,0.0,53.18,False,False
148645,0.0,53.18,False,False
148698,0.0,53.18,False,False
148750,0.0,53.18,False,False
148802,0.0,53.18,False,False
148854,0.0,53.18,False,False
148907,0.0,53.18,False,False
148959,0.0,53.18,False,False
149011,0.0,53.18,False,False
149063,0.0,53.18,False,False
149115,0.0,53.18,False,False
149168,0.0,53.18,False,False
149220,0.0,53.18,False,False
149272,0.0,53.18,False,False
149324,0.0,53.5,False,False
149377,0.0,53.5,False,False
149429,0.0,53.5,False,False
149481,0.0,53.5,False,False
149533,0.0,53.5,False,False
149585,0.0,53.5,False,False
149638,0.0,53.5,False,False
149690,0.0,53.5,False,False
149742,0.0,53.5,False,False
149794,0.0,53.5,False,False
149847,0.0,53.5,False,False
149899,0.0,53.5,False,False
149951,0.0,53.5,False,False
150003,0.0,53.5,False,False
150055,0.0,53.5,False,False
150108,0.0,53.5,False,False
150160,0.0,53.5,False,False
150212,0.0,53.5,False,False
150264,0.0,53.5,False,False
150317,0.0,53.5,False,False
150369,0.0,53.5,False,False
150421,0.0,53.82,False,False
150473,0.0,53.5,False,False
150525,0.0,53.5,False,False
150578,0.0,53.5,False,False
150630,0.0,53.5,False,False
150682,0.0,53.5,False,False
150734,0.0,53.5,False,False
150787,0.0,53.5,False,False
150839,0.0,53.82,False,False
150891,0.0,53.82,False,False
150943,0.0,53.82,False,False
150995,0.0,53.5,False,False
151048,0.0,53.82,False,False
151100,0.0,53.82,False,False
151152,0.0,53.82,False,False
151204,0.0,53.82,False,False
151257,0.0,53.82,False,False
151309,0.0,53.82,False,False
151361,0.0,53.82,False,False
151413,0.0,53.82,False,False
151465,0.0,53.82,False,False
151518,0.0,53.82,False,False
151570,0.0,53.82,False,False
151622,0.0,53.82,False,False
151674,0.0,53.82,False,False
151727,0.0,53.82,False,False
151779,0.0,53.82,False,False
151831,0.0,53.82,False,False
151883,0.0,53.82,False,False
151936,0.0,53.82,False,False
151988,0.0,53.82,False,False
152040,0.0,53.82,False,False
152092,0.0,53.82,False,False
152144,0.0,53.82,False,False
152197,0.0,53.82,False,False
152249,0.0,53.5,False,False
152301,0.0,53.82,False,False
152353,0.0,53.82,False,False
152406,0.0,53.82,False,False
152458,0.0,53.82,False,False
152510,0.0,53.82,False,False
152562,0.0,53.82,False,False
152614,0.0,53.82,False,False
152667,0.0,53.82,False,False
152719,0.0,53.82,False,False
152771,0.0,53.82,False,False
152823,0.0,53.82,False,False
152876,0.0,53.82,False,False
152928,0.0,53.82,False,False
152980,0.0,53.82,False,False
153032,0.0,53.82,False,False
153084,0.0,53.82,False,False
153137,0.0,53.82,False,False
153189,0.0,53.82,False,False
153241,0.0,54.14,False,False
153293,0.0,53.82,False,False
153347,0.0,53.82,False,False
153399,0.0,54.14,False,False
153451,0.0,54.14,False,False
153503,0.0,54.14,False,False
153555,0.0,54.14,False,False
153608,0.0,54.14,False,False
153660,0.0,54.14,False,False
153712,0.0,54.14,False,False
153764,0.0,54.14,False,False
153817,0.0,54.14,False,False
153869,0.0,54.46,False,False
153921,0.0,54.14,False,False
153973,0.0,54.46,False,False
154025,0.0,54.46,False,False
154078,0.0,54.46,False,False
154130,0.0,54.46,False,False
154182,0.0,54.46,False,False
154234,0.0,54.46,False,False
154287,0.0,54.46,False,False
154339,0.0,54.46,False,False
154391,0.0,54.46,False,False
154443,0.0,54.46,False,False
154496,0.0,54.78,False,False
154548,0.0,54.78,False,False
154600,0.0,54.78,False,False
154652,0.0,54.78,False,False
154704,0.0,54.78,False,False
154757,0.0,54.78,False,False
154809,0.0,54.78,False,False
154861,0.0,54.78,False,False
154913,0.0,54.78,False,False
154966,0.0,54.78,False,False
155018,0.0,54.78,False,False
155070,0.0,54.78,False,False
155122,0.0,54.78,False,False
155174,0.0,54.78,False,False
155227,0.0,54.78,False,False
155279,0.0,54.78,False,False
155331,0.0,54.78,False,False
155383,0.0,54.78,False,False
155436,0.0,54.78,False,False
155488,0.0,54.78,False,False
155540,0.0,54.78,False,False
155592,0.0,54.78,False,False
155644,0.0,54.78,False,False
155697,0.0,54.78,False,False
155749,0.0,54.78,False,False
155801,0.0,54.78,False,False
155853,0.0,54.78,False,False
155906,0.0,54.78,False,False
155958,0.0,54.78,False,False
156010,0.0,54.78,False,False
156062,0.0,54.78,False,False
156114,0.0,54.78,False,False
156167,0.0,54.78,False,False
156219,0.0,54.78,False,False
156271,0.0,54.78,False,False
156323,0.0,54.78,False,False
156376,0.0,54.78,False,False
156428,0.0,54.78,False,False
156480,0.0,54.78,False,False
156532,0.0,54.78,False,False
156584,0.0,54.78,False,False
156637,0.0,54.78,False,False
156689,0.0,54.78,False,False
156741,0.0,54.78,False,False
156793,0.0,54.78,False,False
156846,0.0,54.78,False,False
156898,0.0,54.78,False,False
156950,0.0,54.78,False,False
157002,0.0,54.78,False,False
157054,0.0,54.78,False,False
157107,0.0,54.78,False,False
157159,0.0,54.78,False,False
157211,0.0,54.78,False,False
157264,0.0,54.78,False,False
157317,0.0,54.78,False,False
157369,0.0,54.78,False,False
157421,0.0,54.78,False,False
157473,0.0,54.78,False,False
157526,0.0,54.78,False,False
157578,0.0,54.78,False,False
157630,0.0,54.78,False,False
157682,0.0,54.78,False,False
157734,0.0,54.78,False,False
157787,0.0,54.78,False,False
157839,0.0,54.46,False,False
157891,0.0,54.78,False,False
157943,0.0,54.78,False,False
157996,0.0,54.78,False,False
158048,0.0,54.78,False,False
158100,0.0,54.78,False,False
158152,0.0,54.46,False,False
158204,0.0,54.46,False,False
158257,0.0,54.78,False,False
158309,0.0,54.46,False,False
158361,0.0,54.46,False,False
158413,0.0,54.46,False,False
158466,0.0,54.46,False,False
158518,0.0,54.46,False,False
158570,0.0,54.46,False,False
158622,0.0,54.46,False,False
158674,0.0,54.46,False,False
158727,0.0,54.46,False,False
158779,0.0,54.46,False,False
158831,0.0,54.46,False,False
158883,0.0,54.46,False,False
158936,0.0,54.46,False,False
158988,0.0,54.14,False,False
159040,0.0,54.46,False,False
159092,0.0,54.46,False,False
159144,0.0,54.46,False,False
159197,0.0,54.46,False,False
159249,0.0,54.46,False,False
159301,0.0,54.46,False,False
159353,0.0,54.46,False,False
159406,0.0,54.46,False,False
159458,0.0,54.46,False,False
159510,0.0,54.46,False,False
159562,0.0,54.46,False,False
159614,0.0,54.46,False,False
159667,0.0,54.46,False,False
159719,0.0,54.46,False,False
159771,0.0,54.46,False,False
159823,0.0,54.46,False,False
159876,0.0,54.46,False,False
159928,0.0,54.46,False,False
159980,0.0,54.46,False,False
160032,0.0,54.46,False,False
160084,0.0,54.14,False,False
160137,0.0,54.14,False,False
160189,0.0,54.46,False,False
160241,0.0,54.46,False,False
160293,0.0,54.14,False,False
160346,0.0,54.14,False,False
160398,0.0,54.14,False,False
160450,0.0,54.14,False,False
160502,0.0,54.14,False,False
160555,0.0,54.14,False,False
160607,0.0,54.14,False,False
160659,0.0,54.14,False,False
160711,0.0,53.82,False,False
160763,0.0,53.82,False,False
160816,0.0,53.82,False,False
160868,0.0,53.82,False,False
160920,0.0,53.82,False,False
160972,0.0,53.82,False,False
161025,0.0,53.5,False,False
161077,0.0,53.5,False,False
161129,0.0,53.82,False,False
161181,0.0,53.5,False,False
161233,0.0,53.5,False,False
161286,0.0,53.5,False,False
161338,0.0,53.82,False,False
161390,0.0,53.5,False,False
161442,0.0,53.5,False,False
161495,0.0,53.5,False,False
161547,0.0,53.5,False,False
161599,0.0,53.5,False,False
161651,0.0,53.5,False,False
161703,0.0,53.5,False,False
161756,0.0,53.5,False,False
161808,0.0,53.5,False,False
161860,0.0,53.5,False,False
161912,0.0,53.5,False,False
161965,0.0,53.5,False,False
162017,0.0,53.5,False,False
162069,0.0,53.5,False,False
162121,0.0,53.5,False,False
162173,0.0,53.5,False,False
162226,0.0,53.5,False,False
162278,0.0,53.5,False,False
162330,0.0,53.5,False,False
162382,0.0,53.5,False,False
162435,0.0,53.5,False,False
162487,0.0,53.5,False,False
162539,0.0,53.5,False,False
162591,0.0,53.5,False,False
162643,0.0,53.5,False,False
162696,0.0,53.5,False,False
162748,0.0,53.5,False,False
162800,0.0,53.5,False,False
162852,0.0,53.5,False,False
162905,0.0,53.5,False,False
162957,0.0,53.5,False,False
163009,0.0,53.5,False,False
163061,0.0,53.5,False,False
163113,0.0,53.5,False,False
163166,0.0,53.82,False,False
163218,0.0,53.82,False,False
163270,0.0,53.82,False,False
163322,0.0,53.82,False,False
163375,0.0,53.82,False,False
163427,0.0,53.82,False,False
163479,0.0,53.82,False,False
163531,0.0,53.82,False,False
163584,0.0,53.82,False,False
163636,0.0,53.82,False,False
163688,0.0,53.82,False,False
163740,0.0,53.82,False,False
163792,0.0,53.82,False,False
163845,0.0,53.82,False,False
163897,0.0,53.82,False,False
163949,0.0,53.82,False,False
164001,0.0,53.82,False,False
164054,0.0,54.14,False,False
164106,0.0,53.82,False,False
164158,0.0,53.82,False,False
164210,0.0,53.82,False,False
164262,0.0,53.82,False,False
164315,0.0,53.82,False,False
164367,0.0,53.82,False,False
164419,0.0,53.82,False,False
164471,0.0,53.82,False,False
164524,0.0,53.82,False,False
164576,0.0,53.82,False,False
164628,0.0,53.82,False,False
164680,0.0,53.82,False,False
164732,0.0,53.82,False,False
164785,0.0,53.82,False,False
164837,0.0,53.82,False,False
164889,0.0,53.82,False,False
164941,0.0,53.82,False,False
164995,0.0,53.82,False,False
165047,0.0,53.82,False,False
165099,0.0,53.82,False,False
165151,0.0,53.82,False,False
165203,0.0,53.82,False,False
165256,0.0,54.14,False,False
165308,0.0,54.14,False,False
165360,0.0,54.14,False,False
165412,0.0,54.14,False,False
165465,0.0,54.14,False,False
165517,0.0,54.14,False,False
165569,0.0,54.14,False,False
165621,0.0,54.14,False,False
165673,0.0,54.14,False,False
165726,0.0,54.14,False,False
165778,0.0,54.14,False,False
165830,0.0,54.14,False,False
165882,0.0,54.14,False,False
165935,0.0,54.14,False,False
165987,0.0,54.14,False,False
166039,0.0,54.14,False,False
166091,0.0,54.14,False,False
166144,0.0,54.14,False,False
166196,0.0,54.14,False,False
166248,0.0,54.14,False,False
166300,0.0,54.14,False,False
166352,0.0,54.14,False,False
166405,0.0,54.14,False,False
166457,0.0,54.14,False,False
166509,0.0,53.82,False,False
166561,0.0,54.14,False,False
166614,0.0,54.14,False,False
166666,0.0,54.14,False,False
166718,0.0,53.82,False,False
166770,0.0,54.14,False,False
166822,0.0,54.14,False,False
166875,0.0,54.14,False,False
166927,0.0,54.14,False,False
166979,0.0,54.14,False,False
167031,0.0,54.14,False,False
167084,0.0,54.46,False,False
167136,0.0,54.14,False,False
167188,0.0,54.14,False,False
167240,0.0,54.14,False,False
167292,0.0,54.14,False,False
167345,0.0,54.14,False,False
167397,0.0,54.14,False,False
167449,0.0,54.14,False,False
167501,0.0,54.14,False,False
167554,0.0,54.14,False,False
167606,0.0,54.14,False,False
167658,0.0,54.14,False,False
167710,0.0,54.14,False,False
167762,0.0,54.14,False,False
167815,0.0,54.14,False,False
167867,0.0,54.14,False,False
167919,0.0,54.14,False,False
167971,0.0,54.14,False,False
168024,0.0,54.14,False,False
168076,0.0,54.14,False,False
168128,0.0,54.14,False,False
168180,0.0,54.14,False,False
168232,0.0,54.14,False,False
168285,0.0,54.14,False,False
168337,0.0,53.82,False,False
168389,0.0,54.14,False,False
168441,0.0,54.14,False,False
168494,0.0,54.14,False,False
168546,0.0,54.14,False,False
168598,0.0,54.14,False,False
168650,0.0,54.14,False,False
168702,0.0,54.14,False,False
168755,0.0,54.14,False,False
168807,0.0,54.14,False,False
168859,0.0,54.14,False,False
168911,0.0,54.14,False,False
168964,0.0,54.14,False,False
169016,0.0,53.82,False,False
169068,0.0,54.14,False,False
169120,0.0,54.14,False,False
169172,0.0,54.14,False,False
169225,0.0,54.14,False,False
169277,0.0,54.14,False,False
169329,0.0,53.82,False,False
169381,0.0,53.82,False,False
169434,0.0,53.82,False,False
169486,0.0,53.82,False,False
169538,0.0,53.82,False,False
169590,0.0,53.82,False,False
169643,0.0,53.82,False,False
169695,0.0,53.82,False,False
169747,0.0,53.82,False,False
169799,0.0,53.82,False,False
169851,0.0,53.82,False,False
169904,0.0,53.82,False,False
169956,0.0,53.82,False,False
170008,0.0,53.82,False,False
170060,0.0,53.82,False,False
170113,0.0,53.82,False,False
170165,0.0,53.82,False,False
170217,0.0,53.82,False,False
170269,0.0,53.5,False,False
170321,0.0,53.5,False,False
170374,0.0,53.82,False,False
170426,0.0,53.5,False,False
170478,0.0,53.5,False,False
170530,0.0,53.5,False,False
170583,0.0,53.5,False,False
170635,0.0,53.5,False,False
170687,0.0,53.5,False,False
170739,0.0,53.5,False,False
170791,0.0,53.5,False,False
170844,0.0,53.5,False,False
170896,0.0,53.5,False,False
170948,0.0,53.5,False,False
171000,0.0,53.5,False,False
171053,0.0,53.5,False,False
171105,0.0,53.5,False,False
171157,0.0,53.5,False,False
171209,0.0,53.5,False,False
171261,0.0,53.5,False,False
171314,0.0,53.5,False,False
171366,0.0,53.5,False,False
171418,0.0,53.5,False,False
171470,0.0,53.5,False,False
171523,0.0,53.5,False,False
171575,0.0,53.5,False,False
171627,0.0,53.5,False,False
171679,0.0,53.5,False,False
171731,0.0,53.5,False,False
171784,0.0,53.5,False,False
171836,0.0,53.5,False,False
171888,0.0,53.5,False,False
171940,0.0,53.5,False,False
171993,0.0,53.5,False,False
172045,0.0,53.5,False,False
172097,0.0,53.5,False,False
172149,0.0,53.5,False,False
172201,0.0,53.5,False,False
172254,0.0,53.5,False,False
172306,0.0,53.5,False,False
172358,0.0,53.5,False,False
172410,0.0,53.5,False,False
172463,0.0,53.5,False,False
172515,0.0,53.5,False,False
172567,0.0,53.5,False,False
172619,0.0,53.5,False,False
172672,0.0,53.5,False,False
172724,0.0,53.5,False,False
172776,0.0,53.5,False,False
172828,0.0,53.5,False,False
172880,0.0,53.5,False,False
172933,0.0,53.5,False,False
172985,0.0,53.5,False,False
173037,0.0,53.5,False,False
173089,0.0,53.5,False,False
173142,0.0,53.5,False,False
173194,0.0,53.5,False,False
173246,0.0,53.5,False,False
173298,0.0,53.5,False,False
173350,0.0,53.5,False,False
173403,0.0,53.5,False,False
173455,0.0,53.5,False,False
173507,0.0,53.5,False,False
173559,0.0,53.5,False,False
173612,0.0,53.5,False,False
173664,0.0,53.5,False,False
173716,0.0,53.5,False,False
173768,0.0,53.5,False,False
173820,0.0,53.5,False,False
173873,0.0,53.5,False,False
173925,0.0,53.5,False,False
173977,0.0,53.5,False,False
174029,0.0,53.5,False,False
174082,0.0,53.5,False,False
174134,0.0,53.5,False,False
174186,0.0,53.5,False,False
174238,0.0,53.5,False,False
174290,0.0,53.5,False,False
174343,0.0,53.5,False,False
174395,0.0,53.5,False,False
174447,0.0,53.5,False,False
174499,0.0,53.5,False,False
174552,0.0,53.5,False,False
174604,0.0,53.5,False,False
174656,0.0,53.5,False,False
174708,0.0,53.5,False,False
174760,0.0,53.5,False,False
174813,0.0,53.5,False,False
174865,0.0,53.5,False,False
174917,0.0,53.5,False,False
174969,0.0,53.5,False,False
175022,0.0,53.5,False,False
175074,0.0,53.5,False,False
175126,0.0,53.5,False,False
175178,0.0,53.5,False,False
175230,0.0,53.5,False,False
175283,0.0,53.5,False,False
175335,0.0,53.5,False,False
175387,0.0,53.5,False,False
175439,0.0,53.5,False,False
175492,0.0,53.5,False,False
175544,0.0,53.5,False,False
175596,0.0,53.5,False,False
175648,0.0,53.5,False,False
175700,0.0,53.5,False,False
175753,0.0,53.5,False,False
175805,0.0,53.5,False,False
175857,0.0,53.5,False,False
175909,0.0,53.18,False,False
175962,0.0,53.5,False,False
176014,0.0,53.5,False,False
176066,0.0,53.5,False,False
176118,0.0,53.5,False,False
176171,0.0,53.5,False,False
176223,0.0,53.5,False,False
176275,0.0,53.5,False,False
176327,0.0,53.5,False,False
176379,0.0,53.5,False,False
176432,0.0,53.5,False,False
176484,0.0,53.5,False,False
176536,0.0,53.5,False,False
176588,0.0,53.5,False,False
176641,0.0,53.5,False,False
176693,0.0,53.5,False,False
176745,0.0,53.5,False,False
176797,0.0,53.5,False,False
176849,0.0,53.5,False,False
176902,0.0,53.5,False,False
176954,0.0,53.5,False,False
177006,0.0,53.5,False,False
177058,0.0,53.5,False,False
177111,0.0,53.5,False,False
177163,0.0,53.5,False,False
177215,0.0,53.5,False,False
177267,0.0,53.5,False,False
177319,0.0,53.5,False,False
177372,0.0,53.5,False,False
177424,0.0,53.5,False,False
177476,0.0,53.5,False,False
177528,0.0,53.5,False,False
177581,0.0,53.5,False,False
177633,0.0,53.5,False,False
177685,0.0,53.5,False,False
177737,0.0,53.5,False,False
177789,0.0,53.5,False,False
177842,0.0,53.5,False,False
177894,0.0,53.5,False,False
177946,0.0,53.5,False,False
177998,0.0,53.5,False,False
178051,0.0,53.5,False,False
178103,0.0,53.5,False,False
178155,0.0,53.5,False,False
178207,0.0,53.5,False,False
178259,0.0,53.5,False,False
178312,0.0,53.5,False,False
178364,0.0,53.5,False,False
178416,0.0,53.5,False,False
178468,0.0,53.5,False,False
178521,0.0,53.5,False,False
178573,0.0,53.5,False,False
178625,0.0,53.5,False,False
178677,0.0,53.5,False,False
178729,0.0,53.5,False,False
178782,0.0,53.5,False,False
178834,0.0,53.5,False,False
178886,0.0,53.5,False,False
178938,0.0,53.5,False,False
178991,0.0,53.5,False,False
179043,0.0,53.5,False,False
179095,0.0,53.5,False,False
179147,0.0,53.5,False,False
179200,0.0,53.5,False,False
179252,0.0,53.5,False,False
179304,0.0,53.5,False,False
179356,0.0,53.5,False,False
179408,0.0,53.5,False,False
179461,0.0,53.5,False,False
179513,0.0,53.5,False,False
179565,0.0,53.5,False,False
179617,0.0,53.5,False,False
179670,0.0,53.5,False,False
179722,0.0,53.5,False,False
179774,0.0,53.5,False,False
179826,0.0,53.5,False,False
179878,0.0,53.5,False,False
179931,0.0,53.5,False,False
179983,0.0,53.5,False,False
180035,0.0,53.5,False,False
180087,0.0,53.5,False,False
180140,0.0,53.5,False,False
180192,0.0,53.5,False,False
180244,0.0,53.5,False,False
180296,0.0,53.5,False,False
180348,0.0,53.5,False,False
180401,0.0,53.5,False,False
180453,0.0,53.5,False,False
180505,0.0,53.5,False,False
180557,0.0,53.5,False,False
180610,0.0,53.5,False,False
180662,0.0,53.5,False,False
180714,0.0,53.5,False,False
180766,0.0,53.5,False,False
180818,0.0,53.5,False,False
180871,0.0,53.5,False,False
180923,0.0,53.5,False,False
180975,0.0,53.5,False,False
181027,0.0,53.5,False,False
181080,0.0,53.5,False,False
181132,0.0,53.5,False,False
181184,0.0,53.5,False,False
181236,0.0,53.5,False,False
181288,0.0,53.5,False,False
181341,0.0,53.5,False,False
181393,0.0,53.5,False,False
181445,0.0,53.5,False,False
181497,0.0,53.5,False,False
181550,0.0,53.5,False,False
181602,0.0,53.5,False,False
181654,0.0,53.5,False,False
181706,0.0,53.5,False,False
181758,0.0,53.5,False,False
181811,0.0,53.5,False,False
181863,0.0,53.5,False,False
181915,0.0,53.5,False,False
181967,0.0,53.5,False,False
182020,0.0,53.5,False,False
182072,0.0,53.5,False,False
182124,0.0,53.5,False,False
182176,0.0,53.5,False,False
182228,0.0,53.5,False,False
182281,0.0,53.5,False,False
182333,0.0,53.5,False,False
182385,0.0,53.5,False,False
182437,0.0,53.5,False,False
182490,0.0,53.5,False,False
182542,0.0,53.5,False,False
182594,0.0,53.5,False,False
182646,0.0,53.5,False,False
182699,0.0,53.5,False,False
182751,0.0,53.5,False,False
182803,0.0,53.5,False,False
182855,0.0,53.5,False,False
182907,0.0,53.5,False,False
182960,0.0,53.5,False,False
183012,0.0,53.5,False,False
183064,0.0,53.5,False,False
183116,0.0,53.5,False,False
183169,0.0,53.5,False,False
183221,0.0,53.5,False,False
183273,0.0,53.5,False,False
183325,0.0,53.5,False,False
183377,0.0,53.5,False,False
183430,0.0,53.5,False,False
183482,0.0,53.5,False,False
183534,0.0,53.5,False,False
183586,0.0,53.5,False,False
183639,0.0,53.5,False,False
183691,0.0,53.5,False,False
183743,0.0,53.5,False,False
183795,0.0,53.5,False,False
183847,0.0,53.5,False,False
183900,0.0,53.5,False,False
183952,0.0,53.5,False,False
184004,0.0,53.5,False,False
184056,0.0,53.5,False,False
184109,0.0,53.5,False,False
184161,0.0,53.5,False,False
184213,0.0,53.5,False,False
184265,0.0,53.5,False,False
184317,0.0,53.5,False,False
184370,0.0,53.5,False,False
184422,0.0,53.5,False,False
184474,0.0,53.5,False,False
184526,0.0,53.5,False,False
184579,0.0,53.5,False,False
184631,0.0,53.5,False,False
184683,0.0,53.5,False,False
184735,0.0,53.5,False,False
184787,0.0,53.5,False,False
184840,0.0,53.5,False,False
184892,0.0,53.5,False,False
184944,0.0,53.5,False,False
184996,0.0,53.5,False,False
185049,0.0,53.5,False,False
185101,0.0,53.5,False,False
185153,0.0,53.5,False,False
185205,0.0,53.5,False,False
185257,0.0,53.5,False,False
185310,0.0,53.5,False,False
185362,0.0,53.5,False,False
185414,0.0,53.5,False,False
185466,0.0,53.5,False,False
185519,0.0,53.5,False,False
185571,0.0,53.5,False,False
185623,0.0,53.5,False,False
185675,0.0,53.5,False,False
185728,0.0,53.5,False,False
185780,0.0,53.5,False,False
185832,0.0,53.5,False,False
185884,0.0,53.5,False,False
185936,0.0,53.5,False,False
185989,0.0,53.5,False,False
186041,0.0,53.5,False,False
186093,0.0,53.5,False,False
186145,0.0,53.5,False,False
186198,0.0,53.5,False,False
186250,0.0,53.5,False,False
186302,0.0,53.5,False,False
186354,0.0,53.5,False,False
186406,0.0,53.5,False,False
186459,0.0,53.5,False,False
186511,0.0,53.5,False,False
186563,0.0,53.5,False,False
186615,0.0,53.5,False,False
186668,0.0,53.5,False,False
186720,0.0,53.5,False,False
186772,0.0,53.5,False,False
186824,0.0,53.5,False,False
186876,0.0,53.5,False,False
186929,0.0,53.5,False,False
186981,0.0,53.5,False,False
187033,0.0,53.5,False,False
187085,0.0,53.5,False,False
187138,0.0,53.5,False,False
187190,0.0,53.5,False,False
187242,0.0,53.5,False,False
187294,0.0,53.5,False,False
187346,0.0,53.5,False,False
187399,0.0,53.5,False,False
187451,0.0,53.5,False,False
187503,0.0,53.5,False,False
187555,0.0,53.5,False,False
187608,0.0,53.5,False,False
187660,0.0,53.5,False,False
187712,0.0,53.5,False,False
187764,0.0,53.5,False,False
187816,0.0,53.5,False,False
187869,0.0,53.5,False,False
187921,0.0,53.5,False,False
187973,0.0,53.5,False,False
188025,0.0,53.5,False,False
188078,0.0,53.5,False,False
188130,0.0,53.5,False,False
188182,0.0,53.5,False,False
188234,0.0,53.5,False,False
188286,0.0,53.5,False,False
188339,0.0,53.5,False,False
188391,0.0,53.5,False,False
188443,0.0,53.5,False,False
188495,0.0,53.5,False,False
188548,0.0,53.5,False,False
188600,0.0,53.5,False,False
188652,0.0,53.5,False,False
188704,0.0,53.5,False,False
188756,0.0,53.82,False,False
188809,0.0,53.5,False,False
188861,0.0,53.5,False,False
188913,0.0,53.5,False,False
188965,0.0,53.5,False,False
189018,0.0,53.82,False,False
189070,0.0,53.82,False,False
189122,0.0,53.82,False,False
189174,0.0,53.82,False,False
189227,0.0,53.82,False,False
189279,0.0,53.82,False,False
189331,0.0,53.82,False,False
189383,0.0,53.82,False,False
189435,0.0,53.82,False,False
189488,0.0,53.82,False,False
189540,0.0,53.82,False,False
189592,0.0,53.82,False,False
189644,0.0,53.82,False,False
189697,0.0,53.82,False,False
189749,0.0,53.82,False,False
189801,0.0,53.82,False,False
189853,0.0,53.82,False,False
189905,0.0,53.82,False,False
189958,0.0,53.82,False,False
190010,0.0,53.82,False,False
190062,0.0,53.82,False,False
190114,0.0,53.82,False,False
190167,0.0,53.82,False,False
190219,0.0,53.82,False,False
190271,0.0,53.82,False,False
190323,0.0,53.82,False,False
190375,0.0,53.82,False,False
190428,0.0,53.82,False,False
190480,0.0,53.82,False,False
190532,0.0,53.82,False,False
190584,0.0,53.82,False,False
190637,0.0,53.82,False,False
190689,0.0,53.82,False,False
190741,0.0,53.82,False,False
190793,0.0,53.82,False,False
190845,0.0,53.82,False,False
190898,0.0,53.82,False,False
190950,0.0,53.82,False,False
191002,0.0,53.82,False,False
191054,0.0,53.82,False,False
191107,0.0,53.82,False,False
191159,0.0,53.82,False,False
191211,0.0,53.82,False,False
191263,0.0,53.82,False,False
191315,0.0,53.82,False,False
191368,0.0,53.82,False,False
191420,0.0,53.82,False,False
191472,0.0,53.82,False,False
191524,0.0,53.82,False,False
191577,0.0,53.82,False,False
191629,0.0,53.82,False,False
191681,0.0,53.82,False,False
191733,0.0,53.82,False,False
191785,0.0,53.82,False,False
191838,0.0,53.82,False,False
191890,0.0,53.82,False,False
191942,0.0,53.82,False,False
191994,0.0,53.82,False,False
192047,0.0,54.14,False,False
192099,0.0,54.14,False,False
192151,0.0,54.14,False,False
192203,0.0,54.14,False,False
192256,0.0,54.14,False,False
192308,0.0,54.14,False,False
192360,0.0,54.14,False,False
192412,0.0,54.14,False,False
192464,0.0,54.14,False,False
192517,0.0,54.14,False,False
192569,0.0,54.14,False,False
192621,0.0,54.14,False,False
192673,0.0,54.14,False,False
192726,0.0,54.14,False,False
192778,0.0,54.46,False,False
192830,0.0,54.46,False,False
192882,0.0,54.46,False,False
192934,0.0,54.46,False,False
192987,0.0,54.46,False,False
193039,0.0,54.46,False,False
193091,0.0,54.46,False,False
193143,0.0,54.46,False,False
193196,0.0,54.46,False,False
193249,0.0,54.46,False,False
193301,0.0,54.46,False,False
193353,0.0,54.78,False,False
193405,0.0,54.78,False,False
193458,0.0,54.78,False,False
193510,0.0,54.78,False,False
193562,0.0,54.78,False,False
193614,0.0,54.78,False,False
193667,0.0,54.78,False,False
193719,0.0,54.78,False,False
193771,0.0,54.78,False,False
193823,0.0,54.78,False,False
193875,0.0,54.78,False,False
193928,0.0,54.78,False,False
193980,0.0,54.78,False,False
194032,0.0,54.78,False,False
194084,0.0,54.78,False,False
194137,0.0,54.78,False,False
194189,0.0,55.1,False,False
194241,0.0,54.78,False,False
194293,0.0,54.78,False,False
194345,0.0,54.78,False,False
194398,0.0,54.78,False,False
194450,0.0,54.78,False,False
194502,0.0,54.78,False,False
194554,0.0,54.78,False,False
194607,0.0,54.78,False,False
194659,0.0,54.78,False,False
194711,0.0,54.78,False,False
194763,0.0,55.1,False,False
194816,0.0,55.1,False,False
194868,0.0,55.1,False,False
194920,0.0,55.1,False,False
194972,0.0,55.1,False,False
195024,0.0,55.1,False,False
195077,0.0,55.1,False,False
195129,0.0,55.1,False,False
195181,0.0,55.1,False,False
195233,0.0,55.1,False,False
195286,0.0,55.1,False,False
195338,0.0,55.1,False,False
195390,0.0,55.1,False,False
195442,0.0,55.1,False,False
195494,0.0,55.1,False,False
195547,0.0,55.1,False,False
195599,0.0,55.1,False,False
195651,0.0,55.1,False,False
195703,0.0,55.1,False,False
195756,0.0,55.1,False,False
195808,0.0,55.1,False,False
195860,0.0,55.1,False,False
195912,0.0,55.1,False,False
195964,0.0,55.1,False,False
196017,0.0,55.1,False,False
196069,0.0,55.1,False,False
196121,0.0,55.1,False,False
196173,0.0,55.1,False,False
196226,0.0,55.1,False,False
196278,0.0,55.1,False,False
196330,0.0,55.1,False,False
196382,0.0,55.1,False,False
196434,0.0,55.1,False,False
196487,0.0,55.1,False,False
196539,0.0,55.1,False,False
196591,0.0,55.1,False,False
196643,0.0,55.1,False,False
196696,0.0,55.1,False,False
196748,0.0,55.1,False,False
196800,0.0,55.1,False,False
196852,0.0,55.1,False,False
196904,0.0,55.1,False,False
196957,0.0,55.1,False,False
197009,0.0,55.1,False,False
197061,0.0,55.1,False,False
197113,0.0,55.1,False,False
197166,0.0,55.1,False,False
197218,0.0,55.1,False,False
197270,0.0,55.1,False,False
197322,0.0,55.1,False,False
197374,0.0,55.1,False,False
197427,0.0,55.1,False,False
197479,0.0,55.1,False,False
197531,0.0,55.1,False,False
197583,0.0,55.1,False,False
197636,0.0,55.1,False,False
197688,0.0,55.1,False,False
197740,0.0,55.1,False,False
197792,0.0,55.1,False,False
197844,0.0,55.1,False,False
197897,0.0,55.1,False,False
197949,0.0,55.1,False,False
198001,0.0,55.1,False,False
198053,0.0,55.1,False,False
198106,0.0,55.1,False,False
198158,0.0,55.1,False,False
198210,0.0,55.1,False,False
198262,0.0,55.1,False,False
198315,0.0,55.1,False,False
198367,0.0,55.1,False,False
198419,0.0,55.1,False,False
198471,0.0,55.1,False,False
198523,0.0,55.1,False,False
198576,0.0,55.1,False,False
198628,0.0,55.1,False,False
198680,0.0,55.1,False,False
198732,0.0,55.1,False,False
198785,0.0,55.1,False,False
198837,0.0,55.1,False,False
198889,0.0,55.1,False,False
198941,0.0,55.1,False,False
198993,0.0,55.1,False,False
199046,0.0,55.1,False,False
199098,0.0,55.1,False,False
199150,0.0,55.1,False,False
199202,0.0,55.1,False,False
199255,0.0,55.1,False,False
199307,0.0,55.1,False,False
199359,0.0,55.1,False,False
199411,0.0,55.1,False,False
199463,0.0,55.1,False,False
199516,0.0,55.1,False,False
199568,0.0,55.1,False,False
199620,0.0,55.1,False,False
199672,0.0,55.1,False,False
199725,0.0,55.1,False,False
199777,0.0,55.1,False,False
199829,0.0,55.1,False,False
199881,0.0,55.1,False,False
199933,0.0,55.1,False,False
199986,0.0,55.1,False,False
200038,0.0,55.1,False,False
200090,0.0,54.78,False,False
200142,0.0,54.78,False,False
200195,0.0,54.78,False,False
200247,0.0,54.78,False,False
200299,0.0,54.78,False,False
200351,0.0,54.46,False,False
200403,0.0,54.46,False,False
200456,0.0,54.46,False,False
200508,0.0,54.14,False,False
200560,0.0,54.46,False,False
200612,0.0,54.14,False,False
200665,0.0,54.14,False,False
200717,0.0,54.14,False,False
200769,0.0,54.14,False,False
200821,0.0,54.14,False,False
200873,0.0,53.82,False,False
200926,0.0,53.82,False,False
200978,0.0,53.82,False,False
201030,0.0,53.82,False,False
201082,0.0,53.82,False,False
201135,0.0,53.82,False,False
201187,0.0,53.82,False,False
201239,0.0,53.82,False,False
201291,0.0,53.5,False,False
201344,0.0,53.5,False,False
201396,0.0,53.5,False,False
201448,0.0,53.5,False,False
201500,0.0,53.5,False,False
201552,0.0,53.5,False,False
201605,0.0,53.5,False,False
201657,0.0,53.5,False,False
201709,0.0,53.18,False,False
201761,0.0,53.18,False,False
201814,0.0,53.18,False,False
201866,0.0,53.18,False,False
201918,0.0,53.18,False,False
201970,0.0,53.18,False,False
202022,0.0,53.18,False,False
202075,0.0,53.18,False,False
202127,0.0,53.18,False,False
202179,0.0,53.18,False,False
202231,0.0,53.18,False,False
202284,0.0,53.18,False,False
202336,0.0,53.18,False,False
202388,0.0,53.18,False,False
202440,0.0,53.18,False,False
202492,0.0,53.18,False,False
202545,0.0,53.18,False,False
202597,0.0,53.18,False,False
202649,0.0,53.18,False,False
202701,0.0,53.18,False,False
202754,0.0,53.18,False,False
202806,0.0,52.86,False,False
202858,0.0,53.18,False,False
202910,0.0,53.18,False,False
202962,0.0,53.18,False,False
203015,0.0,53.18,False,False
203067,0.0,53.18,False,False
203119,0.0,53.18,False,False
203171,0.0,53.18,False,False
203224,0.0,53.18,False,False
203276,0.0,53.18,False,False
203328,0.0,53.18,False,False
203380,0.0,53.18,False,False
203432,0.0,53.18,False,False
203485,0.0,53.18,False,False
203537,0.0,53.18,False,False
203589,0.0,53.18,False,False
203641,0.0,53.18,False,False
203694,0.0,53.18,False,False
203747,0.0,53.18,False,False
203799,0.0,53.18,False,False
203851,0.0,53.18,False,False
203904,0.0,53.18,False,False
203956,0.0,53.18,False,False
204008,0.0,53.18,False,False
204060,0.0,53.18,False,False
204112,0.0,53.18,False,False
204165,0.0,53.18,False,False
204217,0.0,53.18,False,False
204269,0.0,53.18,False,False
204321,0.0,53.18,False,False
204374,0.0,53.18,False,False
204426,0.0,53.18,False,False
204478,0.0,53.18,False,False
204530,0.0,53.5,False,False
204582,0.0,53.5,False,False
204635,0.0,53.5,False,False
204687,0.0,53.5,False,False
204739,0.0,53.5,False,False
204791,0.0,53.5,False,False
204844,0.0,53.5,False,False
204896,0.0,53.5,False,False
204948,0.0,53.5,False,False
205000,0.0,53.5,False,False
205052,0.0,53.5,False,False
205105,0.0,53.5,False,False
205157,0.0,53.5,False,False
205209,0.0,53.5,False,False
205261,0.0,53.5,False,False
205314,0.0,53.5,False,False
205366,0.0,53.5,False,False
205418,0.0,53.5,False,False
205470,0.0,53.5,False,False
205522,0.0,53.5,False,False
205575,0.0,53.5,False,False
205627,0.0,53.5,False,False
205679,0.0,53.5,False,False
205731,0.0,53.5,False,False
205784,0.0,53.5,False,False
205836,0.0,53.5,False,False
205888,0.0,53.5,False,False
205940,0.0,53.5,False,False
205992,0.0,53.5,False,False
206045,0.0,53.5,False,False
206097,0.0,53.5,False,False
206149,0.0,53.5,False,False
206201,0.0,53.5,False,False
206254,0.0,53.5,False,False
206306,0.0,53.5,False,False
206358,0.0,53.5,False,False
206410,0.0,53.5,False,False
206462,0.0,53.5,False,False
206515,0.0,53.5,False,False
206567,0.0,53.5,False,False
206619,0.0,53.5,False,False
206671,0.0,53.5,False,False
206724,0.0,53.5,False,False
206776,0.0,53.5,False,False
206828,0.0,53.5,False,False
206880,0.0,53.82,False,False
206932,0.0,53.5,False,False
206985,0.0,53.5,False,False
207037,0.0,53.5,False,False
207089,0.0,53.5,False,False
207141,0.0,53.5,False,False
207194,0.0,53.5,False,False
207246,0.0,53.5,False,False
207298,0.0,53.82,False,False
207350,0.0,53.82,False,False
207403,0.0,53.82,False,False
207455,0.0,53.82,False,False
207507,0.0,53.82,False,False
207559,0.0,53.82,False,False
207611,0.0,53.82,False,False
207664,0.0,53.82,False,False
207716,0.0,53.82,False,False
207768,0.0,53.82,False,False
207820,0.0,53.82,False,False
207873,0.0,53.82,False,False
207925,0.0,53.82,False,False
207977,0.0,53.82,False,False
208029,0.0,53.82,False,False
208081,0.0,53.82,False,False
208134,0.0,53.82,False,False
208186,0.0,53.82,False,False
208238,0.0,53.82,False,False
208290,0.0,53.82,False,False
208343,0.0,53.82,False,False
208395,0.0,53.82,False,False
208447,0.0,53.82,False,False
208499,0.0,53.82,False,False
208551,0.0,53.82,False,False
208604,0.0,53.82,False,False
208656,0.0,53.82,False,False
208708,0.0,53.82,False,False
208760,0.0,53.82,False,False
208813,0.0,53.82,False,False
208865,0.0,53.82,False,False
208917,0.0,53.82,False,False
208969,0.0,53.82,False,False
209021,0.0,53.82,False,False
209074,0.0,53.82,False,False
209126,0.0,53.82,False,False
209178,0.0,53.82,False,False
209230,0.0,53.82,False,False
209283,0.0,53.82,False,False
209335,0.0,53.82,False,False
209387,0.0,53.82,False,False
209439,0.0,53.82,False,False
209491,0.0,53.82,False,False
209544,0.0,53.82,False,False
209596,0.0,53.82,False,False
209648,0.0,53.82,False,False
209700,0.0,53.82,False,False
209753,0.0,53.82,False,False
209805,0.0,53.82,False,False
209857,0.0,53.82,False,False
209909,0.0,53.82,False,False
209961,0.0,53.82,False,False
210014,0.0,53.82,False,False
210066,0.0,53.82,False,False
210118,0.0,53.82,False,False
210170,0.0,53.82,False,False
210223,0.0,53.82,False,False
210275,0.0,53.82,False,False
210327,0.0,53.82,False,False
210379,0.0,53.82,False,False
210432,0.0,53.82,False,False
210484,0.0,53.82,False,False
210536,0.0,53.82,False,False
210588,0.0,53.82,False,False
210640,0.0,53.82,False,False
210693,0.0,53.82,False,False
210745,0.0,53.82,False,False
210797,0.0,53.82,False,False
210849,0.0,54.14,False,False
210902,0.0,53.82,False,False
210954,0.0,53.82,False,False
211006,0.0,53.82,False,False
211058,0.0,53.82,False,False
211110,0.0,53.82,False,False
211163,0.0,53.82,False,False
211215,0.0,53.82,False,False
211267,0.0,53.82,False,False
211319,0.0,53.82,False,False
211372,0.0,53.82,False,False
211424,0.0,53.82,False,False
211476,0.0,53.82,False,False
211528,0.0,53.82,False,False
211580,0.0,54.14,False,False
211633,0.0,53.82,False,False
211685,0.0,53.82,False,False
211737,0.0,54.14,False,False
211789,0.0,53.82,False,False
211842,0.0,53.82,False,False
211894,0.0,53.82,False,False
211946,0.0,53.82,False,False
211998,0.0,53.82,False,False
212050,0.0,53.82,False,False
212103,0.0,53.82,False,False
212155,0.0,53.82,False,False
212207,0.0,53.82,False,False
212259,0.0,53.82,False,False
212312,0.0,53.82,False,False
212364,0.0,53.82,False,False
212416,0.0,53.82,False,False
212468,0.0,53.82,False,False
212520,0.0,54.14,False,False
212573,0.0,53.82,False,False
212626,0.0,53.82,False,False
212678,0.0,53.82,False,False
212730,0.0,54.14,False,False
212783,0.0,54.14,False,False
212835,0.0,53.82,False,False
212887,0.0,53.82,False,False
212939,0.0,53.82,False,False
212992,0.0,53.82,False,False
213044,0.0,53.82,False,False
213096,0.0,53.82,False,False
213148,0.0,53.82,False,False
213200,0.0,53.82,False,False
213253,0.0,53.82,False,False
213305,0.0,53.82,False,False
213357,0.0,53.82,False,False
213409,0.0,53.82,False,False
213462,0.0,53.82,False,False
213514,0.0,53.82,False,False
213566,0.0,53.82,False,False
213618,0.0,53.82,False,False
213670,0.0,53.82,False,False
213723,0.0,53.82,False,False
213775,0.0,54.14,False,False
213827,0.0,53.82,False,False
213879,0.0,53.82,False,False
213932,0.0,53.82,False,False
213984,0.0,53.82,False,False
214036,0.0,53.82,False,False
214088,0.0,53.82,False,False
214140,0.0,53.82,False,False
214193,0.0,53.82,False,False
214245,0.0,54.14,False,False
214297,0.0,54.14,False,False
214349,0.0,54.14,False,False
214402,0.0,54.14,False,False
214454,0.0,54.14,False,False
214506,0.0,54.14,False,False
214558,0.0,54.14,False,False
214610,0.0,54.14,False,False
214663,0.0,54.14,False,False
214715,0.0,54.14,False,False
214767,0.0,54.14,False,False
214819,0.0,54.14,False,False
214872,0.0,54.14,False,False
214924,0.0,54.14,False,False
214976,0.0,54.14,False,False
215028,0.0,54.14,False,False
215080,0.0,54.14,False,False
215133,0.0,54.14,False,False
215185,0.0,54.14,False,False
215237,0.0,54.14,False,False
215289,0.0,54.14,False,False
215342,0.0,54.14,False,False
215394,0.0,54.14,False,False
215446,0.0,54.14,False,False
215498,0.0,54.14,False,False
215550,0.0,54.14,False,False
215603,0.0,54.14,False,False
215655,0.0,54.14,False,False
215707,0.0,54.14,False,False
215759,0.0,54.14,False,False
215812,0.0,54.14,False,False
215864,0.0,54.14,False,False
215916,0.0,54.14,False,False
215968,0.0,54.14,False,False
216020,0.0,54.14,False,False
216073,0.0,54.14,False,False
216125,0.0,54.14,False,False
216177,0.0,54.14,False,False
216229,0.0,54.14,False,False
216282,0.0,54.14,False,False
216334,0.0,54.14,False,False
216386,0.0,54.14,False,False
216438,0.0,54.14,False,False
216491,0.0,54.14,False,False
216543,0.0,54.14,False,False
216595,0.0,54.14,False,False
216647,0.0,54.14,False,False
216699,0.0,54.14,False,False
216752,0.0,54.14,False,False
216804,0.0,54.14,False,False
216856,0.0,54.14,False,False
216908,0.0,54.14,False,False
216961,0.0,54.14,False,False
217013,0.0,54.14,False,False
217065,0.0,54.14,False,False
217117,0.0,54.14,False,False
217169,0.0,54.14,False,False
217222,0.0,54.14,False,False
217274,0.0,54.14,False,False
217326,0.0,54.14,False,False
217378,0.0,54.14,False,False
217431,0.0,54.14,False,False
217483,0.0,54.14,False,False
217535,0.0,54.14,False,False
217587,0.0,54.14,False,False
217639,0.0,54.14,False,False
217692,0.0,54.14,False,False
217744,0.0,54.14,False,False
217796,0.0,54.14,False,False
217848,0.0,54.14,False,False
217901,0.0,54.14,False,False
217953,0.0,54.14,False,False
218005,0.0,54.14,False,False
218057,0.0,54.14,False,False
218109,0.0,54.14,False,False
218162,0.0,54.14,False,False
218214,0.0,54.14,False,False
218266,0.0,54.14,False,False
218318,0.0,54.14,False,False
218371,0.0,54.14,False,False
218423,0.0,54.14,False,False
218475,0.0,54.14,False,False
218527,0.0,54.14,False,False
218579,0.0,54.14,False,False
218632,0.0,54.14,False,False
218684,0.0,54.14,False,False
218736,0.0,54.14,False,False
218788,0.0,54.14,False,False
218841,0.0,54.14,False,False
218893,0.0,54.14,False,False
218945,0.0,54.14,False,False
218997,0.0,54.14,False,False
219049,0.0,54.14,False,False
219102,0.0,54.14,False,False
219154,0.0,54.14,False,False
219206,0.0,54.14,False,False
219258,0.0,54.14,False,False
219311,0.0,54.14,False,False
219363,0.0,54.14,False,False
219415,0.0,54.14,False,False
219467,0.0,54.14,False,False
219520,0.0,54.14,False,False
219572,0.0,54.14,False,False
219624,0.0,54.14,False,False
219676,0.0,54.14,False,False
219728,0.0,54.14,False,False
219781,0.0,54.14,False,False
219833,0.0,54.14,False,False
219885,0.0,54.14,False,False
219937,0.0,54.14,False,False
219990,0.0,54.14,False,False
220042,0.0,54.14,False,False
220094,0.0,54.14,False,False
220146,0.0,54.14,False,False
220198,0.0,54.14,False,False
220251,0.0,54.14,False,False
220303,0.0,54.14,False,False
220355,0.0,54.14,False,False
220407,0.0,54.14,False,False
220460,0.0,54.14,False,False
220512,0.0,54.14,False,False
220564,0.0,54.14,False,False
220616,0.0,54.14,False,False
220668,0.0,54.14,False,False
220721,0.0,54.14,False,False
220773,0.0,54.14,False,False
220825,0.0,54.14,False,False
220877,0.0,54.14,False,False
220930,0.0,54.14,False,False
220982,0.0,54.14,False,False
221034,0.0,54.14,False,False
221086,0.0,54.14,False,False
221138,0.0,54.14,False,False
221191,0.0,54.14,False,False
221243,0.0,54.14,False,False
221295,0.0,54.14,False,False
221347,0.0,54.14,False,False
221400,0.0,54.14,False,False
221452,0.0,54.14,False,False
221504,0.0,54.14,False,False
221556,0.0,54.14,False,False
221608,0.0,54.14,False,False
221661,0.0,54.14,False,False
221713,0.0,54.14,False,False
221765,0.0,54.14,False,False
221817,0.0,54.14,False,False
221870,0.0,54.14,False,False
221922,0.0,54.14,False,False
221974,0.0,54.14,False,False
222026,0.0,54.14,False,False
222078,0.0,54.14,False,False
222131,0.0,54.14,False,False
222183,0.0,54.14,False,False
222235,0.0,54.14,False,False
222287,0.0,54.14,False,False
222340,0.0,54.14,False,False
222392,0.0,53.82,False,False
222444,0.0,53.82,False,False
222496,0.0,53.82,False,False
222548,0.0,53.82,False,False
222601,0.0,53.82,False,False
222653,0.0,53.82,False,False
222705,0.0,53.82,False,False
222757,0.0,53.82,False,False
222810,0.0,53.82,False,False
222862,0.0,53.82,False,False
222914,0.0,53.82,False,False
222966,0.0,53.5,False,False
223019,0.0,53.5,False,False
223071,0.0,53.82,False,False
223123,0.0,53.5,False,False
223175,0.0,53.82,False,False
223227,0.0,53.5,False,False
223280,0.0,53.5,False,False
223332,0.0,53.5,False,False
223384,0.0,53.5,False,False
223436,0.0,53.5,False,False
223489,0.0,53.5,False,False
223541,0.0,53.5,False,False
223593,0.0,53.5,False,False
223645,0.0,53.5,False,False
223697,0.0,53.5,False,False
223750,0.0,53.5,False,False
223802,0.0,53.5,False,False
223854,0.0,53.5,False,False
223906,0.0,53.5,False,False
223959,0.0,53.5,False,False
224011,0.0,53.5,False,False
224063,0.0,53.5,False,False
224115,0.0,53.5,False,False
224167,0.0,53.5,False,False
224220,0.0,53.82,False,False
224272,0.0,53.5,False,False
224324,0.0,53.82,False,False
224376,0.0,53.82,False,False
224429,0.0,53.82,False,False
224481,0.0,53.82,False,False
224533,0.0,53.82,False,False
224585,0.0,53.82,False,False
224637,0.0,53.82,False,False
224690,0.0,53.82,False,False
224742,0.0,53.82,False,False
224794,0.0,53.82,False,False
224846,0.0,53.82,False,False
224899,0.0,53.82,False,False
224951,0.0,53.82,False,False
225003,0.0,53.82,False,False
225055,0.0,53.82,False,False
225107,0.0,53.82,False,False
225160,0.0,53.82,False,False
225212,0.0,53.82,False,False
225264,0.0,53.82,False,False
225316,0.0,53.82,False,False
225369,0.0,53.82,False,False
225421,0.0,53.82,False,False
225473,0.0,53.82,False,False
225525,0.0,54.14,False,False
225577,0.0,53.82,False,False
225630,0.0,53.82,False,False
225682,0.0,53.82,False,False
225735,0.0,53.82,False,False
225787,0.0,53.82,False,False
225840,0.0,53.82,False,False
225892,0.0,53.82,False,False
225944,0.0,54.14,False,False
225996,0.0,54.14,False,False
226049,0.0,54.14,False,False
226101,0.0,54.14,False,False
226153,0.0,54.14,False,False
226205,0.0,54.14,False,False
226257,0.0,54.14,False,False
226310,0.0,54.14,False,False
226362,0.0,54.14,False,False
226414,0.0,54.14,False,False
226466,0.0,54.14,False,False
226519,0.0,54.14,False,False
226571,0.0,54.14,False,False
226623,0.0,54.14,False,False
226675,0.0,54.14,False,False
226727,0.0,54.14,False,False
226780,0.0,54.14,False,False
226832,0.0,54.14,False,False
226884,0.0,54.14,False,False
226936,0.0,54.14,False,False
226989,0.0,54.14,False,False
227041,0.0,54.14,False,False
227093,0.0,54.14,False,False
227145,0.0,54.14,False,False
227197,0.0,54.14,False,False
227250,0.0,54.14,False,False
227302,0.0,54.14,False,False
227354,0.0,54.14,False,False
227406,0.0,54.14,False,False
227459,0.0,54.14,False,False
227511,0.0,54.14,False,False
227563,0.0,54.14,False,False
227615,0.0,54.14,False,False
227667,0.0,54.14,False,False
227720,0.0,54.14,False,False
227772,0.0,54.14,False,False
227824,0.0,54.14,False,False
227876,0.0,54.14,False,False
227929,0.0,54.14,False,False
227981,0.0,54.14,False,False
228033,0.0,54.14,False,False
228085,0.0,54.14,False,False
228137,0.0,54.14,False,False
228190,0.0,54.14,False,False
228242,0.0,54.14,False,False
228294,0.0,54.14,False,False
228346,0.0,54.14,False,False
228399,0.0,54.14,False,False
228451,0.0,54.14,False,False
228503,0.0,54.14,False,False
228555,0.0,54.14,False,False
228608,0.0,54.14,False,False
228660,0.0,54.14,False,False
228712,0.0,54.14,False,False
228764,0.0,54.14,False,False
228816,0.0,54.14,False,False
228869,0.0,53.82,False,False
228921,0.0,54.14,False,False
228973,0.0,54.14,False,False
229025,0.0,54.14,False,False
229078,0.0,54.14,False,False
229130,0.0,54.14,False,False
229182,0.0,54.14,False,False
229234,0.0,54.14,False,False
229286,0.0,54.14,False,False
229339,0.0,54.14,False,False
229391,0.0,54.14,False,False
229443,0.0,54.14,False,False
229495,0.0,54.14,False,False
229548,0.0,54.14,False,False
229600,0.0,54.14,False,False
229652,0.0,54.14,False,False
229704,0.0,54.14,False,False
229756,0.0,54.14,False,False
229809,0.0,53.82,False,False
229861,0.0,54.14,False,False
229913,0.0,54.14,False,False
229965,0.0,54.14,False,False
230018,0.0,54.14,False,False
230070,0.0,54.14,False,False
230122,0.0,54.14,False,False
230174,0.0,53.82,False,False
230226,0.0,53.82,False,False
230279,0.0,53.82,False,False
230331,0.0,53.82,False,False
230383,0.0,53.82,False,False
230435,0.0,53.82,False,False
230488,0.0,53.82,False,False
230540,0.0,53.82,False,False
230592,0.0,53.82,False,False
230644,0.0,53.5,False,False
230696,0.0,53.5,False,False
230749,0.0,53.5,False,False
230801,0.0,53.18,False,False
230853,0.0,53.18,False,False
230905,0.0,53.18,False,False
230958,0.0,53.18,False,False
231010,0.0,53.18,False,False
231062,0.0,52.86,False,False
231114,0.0,52.86,False,False
231166,0.0,52.86,False,False
231219,0.0,52.86,False,False
231271,0.0,52.86,False,False
231323,0.0,52.86,False,False
231375,0.0,52.86,False,False
231428,0.0,52.86,False,False
231480,0.0,52.55,False,False
231532,0.0,52.55,False,False
231584,0.0,52.55,False,False
231636,0.0,52.55,False,False
231689,0.0,52.55,False,False
231741,0.0,52.55,False,False
231793,0.0,52.55,False,False
231845,0.0,52.55,False,False
231898,0.0,52.55,False,False
231950,0.0,52.23,False,False
232002,0.0,52.23,False,False
232054,0.0,52.55,False,False
232107,0.0,52.23,False,False
232159,0.0,52.23,False,False
232211,0.0,51.91,False,False
232263,0.0,51.59,False,False
232315,0.0,51.91,False,False
232368,0.0,51.59,False,False
232420,0.0,51.59,False,False
232472,0.0,51.27,False,False
232524,0.0,51.27,False,False
232577,0.0,50.63,False,False
232629,0.0,50.63,False,False
232681,0.0,50.63,False,False
232733,0.0,50.31,False,False
232785,0.0,50.31,False,False
232838,0.0,50.31,False,False
232890,0.0,50.31,False,False
232942,0.0,50.31,False,False
232994,0.0,50.31,False,False
233047,0.0,50.31,False,False
233099,0.0,50.31,False,False
233151,0.0,50.31,False,False
233203,0.0,50.31,False,False
233255,0.0,50.31,False,False
233308,0.0,50.31,False,False
233360,0.0,50.31,False,False
233412,0.0,50.31,False,False
233464,0.0,50.31,False,False
233517,0.0,50.31,False,False
233569,0.0,50.31,False,False
233621,0.0,50.31,False,False
233673,0.0,49.99,False,False
233725,0.0,50.31,False,False
233778,0.0,49.99,False,False
233830,0.0,50.31,False,False
233882,0.0,50.31,False,False
233934,0.0,50.31,False,False
233987,0.0,50.31,False,False
234039,0.0,50.31,False,False
234091,0.0,50.31,False,False
234143,0.0,50.31,False,False
234195,0.0,49.99,False,False
234248,0.0,49.67,False,False
234300,0.0,49.99,False,False
234352,0.0,49.67,False,False
234404,0.0,49.67,False,False
234457,0.0,49.67,False,False
234509,0.0,49.35,False,False
234561,0.0,49.35,False,False
234613,0.0,49.03,False,False
234665,0.0,49.03,False,False
234718,0.0,49.03,False,False
234770,0.0,48.39,False,False
234822,0.0,48.71,False,False
234874,0.0,48.39,False,False
234927,0.0,48.39,False,False
234979,0.0,48.39,False,False
235031,0.0,48.07,False,False
235083,0.0,48.07,False,False
235136,0.0,47.75,False,False
235188,0.0,47.75,False,False
235240,0.0,47.43,False,False
235292,0.0,47.43,False,False
235344,0.0,47.43,False,False
235397,0.0,47.43,False,False
235449,0.0,47.11,False,False
235501,0.0,47.43,False,False
235553,0.0,47.43,False,False
235606,0.0,47.11,False,False
235658,0.0,47.43,False,False
235710,0.0,47.43,False,False
235762,0.0,47.75,False,False
235815,0.0,47.43,False,False
235868,0.0,47.43,False,False
235920,0.0,47.43,False,False
235972,0.0,47.75,False,False
236024,0.0,47.75,False,False
236077,0.0,47.75,False,False
236129,0.0,48.07,False,False
236181,0.0,48.07,False,False
236233,0.0,48.07,False,False
236285,0.0,48.07,False,False
236338,0.0,48.71,False,False
236390,0.0,48.39,False,False
236442,0.0,48.07,False,False
236494,0.0,48.39,False,False
236547,0.0,48.39,False,False
236599,0.0,48.39,False,False
236651,0.0,48.39,False,False
236703,0.0,48.39,False,False
236755,0.0,48.39,False,False
236808,0.0,48.39,False,False
236860,0.0,48.39,False,False
236912,0.0,48.39,False,False
236964,0.0,48.39,False,False
237017,0.0,48.71,False,False
237069,0.0,48.71,False,False
237121,0.0,48.71,False,False
237173,0.0,48.71,False,False
237225,0.0,49.03,False,False
237278,0.0,48.71,False,False
237330,0.0,48.71,False,False
237382,0.0,48.71,False,False
237434,0.0,49.03,False,False
237487,0.0,49.03,False,False
237539,0.0,49.03,False,False
237591,0.0,49.03,False,False
237643,0.0,49.35,False,False
237696,0.0,49.03,False,False
237748,0.0,49.35,False,False
237800,0.0,49.35,False,False
237852,0.0,49.35,False,False
237904,0.0,49.35,False,False
237957,0.0,49.35,False,False
238009,0.0,49.35,False,False
238061,0.0,49.35,False,False
238113,0.0,49.35,False,False
238166,0.0,49.67,False,False
238218,0.0,49.67,False,False
238270,0.0,49.67,False,False
238322,0.0,49.67,False,False
238374,0.0,49.67,False,False
238427,0.0,49.67,False,False
238479,0.0,49.67,False,False
238531,0.0,49.67,False,False
238583,0.0,49.67,False,False
238636,0.0,49.67,False,False
238688,0.0,49.67,False,False
238740,0.0,49.99,False,False
238792,0.0,49.99,False,False
238844,0.0,49.99,False,False
238897,0.0,49.99,False,False
238949,-0.0,51.59,False,False
239002,-0.0,52.23,False,False
239054,-0.0,52.86,False,False
239107,-0.0,52.23,False,False
239159,0.0,51.59,False,False
239211,0.0,51.27,False,False
239263,0.0,50.95,False,False
239315,0.0,50.63,False,False
239368,0.0,50.63,False,False
239420,0.0,50.63,False,False
239472,0.0,50.31,False,False
239524,0.0,50.31,False,False
239577,0.0,50.31,False,False
239629,0.0,50.31,False,False
239681,0.0,50.31,False,False
239733,0.0,50.31,False,False
239785,0.0,50.31,False,False
239838,0.0,50.31,False,False
239890,0.0,50.31,False,False
239942,0.0,50.31,False,False
239994,0.0,50.31,False,False
240047,0.0,50.31,False,False
240099,0.0,50.31,False,False
240151,0.0,50.63,False,False
240203,0.0,50.63,False,False
240256,0.0,50.63,False,False
240308,0.0,50.63,False,False
240360,0.0,50.63,False,False
240412,0.0,50.63,False,False
240464,0.0,50.63,False,False
240517,-0.0,52.55,False,False
240569,-0.0,53.18,False,False
240621,-0.0,53.18,False,False
240674,-0.0,52.86,False,False
240727,0.0,52.23,False,False
240779,-0.0,53.18,False,False
240831,-0.0,53.5,False,False
240883,-0.0,53.5,False,False
240935,-0.0,54.14,False,False
240988,-0.0,54.14,False,False
241040,-0.0,53.5,False,False
241092,0.0,52.55,False,False
241144,0.0,52.23,False,False
241197,0.0,51.91,False,False
241249,0.0,51.59,False,False
241301,0.0,51.59,False,False
241353,0.0,51.27,False,False
241405,0.0,51.27,False,False
241459,0.0,51.27,False,False
241511,0.0,51.27,False,False
241563,0.0,51.27,False,False
241615,0.0,51.27,False,False
241668,0.0,51.59,False,False
241720,0.0,51.59,False,False
241772,0.0,51.59,False,False
241824,0.0,51.59,False,False
241876,0.0,51.59,False,False
241929,0.0,51.59,False,False
241981,0.0,51.59,False,False
242033,0.0,51.59,False,False
242085,0.0,51.59,False,False
242138,0.0,51.59,False,False
242190,0.0,51.59,False,False
242242,0.0,52.23,False,False
242294,0.0,52.23,False,False
242347,0.0,51.91,False,False
242399,0.0,51.91,False,False
242451,0.0,53.18,False,False
242503,-0.0,53.5,False,False
242555,-0.0,53.82,False,False
242608,-0.0,53.82,False,False
242660,-0.0,54.14,False,False
242712,-0.0,54.14,False,False
242765,-0.0,53.82,False,False
242818,0.0,53.18,False,False
242870,0.0,52.86,False,False
242922,0.0,52.55,False,False
242974,0.0,52.23,False,False
243026,0.0,51.91,False,False
243079,0.0,51.91,False,False
243131,0.0,51.91,False,False
243183,0.0,51.59,False,False
243235,0.0,51.59,False,False
243288,0.0,51.27,False,False
243340,0.0,51.27,False,False
243392,0.0,51.59,False,False
243444,0.0,51.27,False,False
243496,0.0,51.27,False,False
243549,0.0,51.27,False,False
243601,0.0,51.27,False,False
243653,0.0,51.27,False,False
243705,0.0,51.27,False,False
243758,0.0,51.27,False,False
243810,0.0,51.27,False,False
243862,0.0,51.27,False,False
243914,0.0,51.27,False,False
243966,0.0,51.27,False,False
244019,0.0,51.27,False,False
244071,0.0,51.27,False,False
244123,0.0,51.27,False,False
244175,0.0,51.27,False,False
244228,0.0,51.27,False,False
244280,0.0,51.27,False,False
244332,0.0,51.27,False,False
244384,0.0,51.27,False,False
244436,0.0,51.27,False,False
244489,0.0,50.95,False,False
244541,0.0,50.95,False,False
244593,0.0,50.95,False,False
244645,0.0,50.63,False,False
244698,0.0,50.95,False,False
244750,0.0,50.63,False,False
244802,0.0,50.63,False,False
244854,0.0,50.63,False,False
244907,0.0,50.63,False,False
244959,0.0,50.63,False,False
245011,0.0,50.31,False,False
245063,0.0,50.63,False,False
245115,0.0,50.63,False,False
245168,0.0,50.63,False,False
245220,0.0,50.63,False,False
245272,0.0,50.63,False,False
245324,0.0,50.63,False,False
245377,0.0,50.63,False,False
245429,0.0,50.63,False,False
245481,0.0,50.63,False,False
245533,0.0,50.63,False,False
245585,0.0,50.95,False,False
245638,0.0,50.95,False,False
245690,0.0,50.95,False,False
245742,0.0,50.95,False,False
245794,0.0,51.27,False,False
245847,0.0,51.27,False,False
245899,0.0,51.27,False,False
245951,0.0,51.27,False,False
246003,0.0,51.27,False,False
246055,0.0,51.27,False,False
246108,0.0,51.27,False,False
246160,0.0,51.27,False,False
246212,0.0,51.27,False,False
246264,0.0,51.27,False,False
246317,0.0,51.27,False,False
246369,0.0,51.27,False,False
246421,0.0,51.27,False,False
246473,0.0,51.27,False,False
246525,0.0,51.27,False,False
246578,0.0,51.27,False,False
246630,0.0,51.27,False,False
246682,0.0,51.27,False,False
246734,0.0,51.27,False,False
246787,0.0,51.27,False,False
246839,0.0,51.27,False,False
246891,0.0,51.27,False,False
246943,0.0,51.27,False,False
246995,0.0,51.27,False,False
247048,0.0,50.95,False,False
247100,0.0,50.95,False,False
247152,0.0,50.63,False,False
247204,0.0,50.63,False,False
247257,0.0,50.63,False,False
247309,0.0,50.63,False,False
247361,0.0,50.95,False,False
247413,0.0,50.63,False,False
247465,0.0,50.63,False,False
247518,0.0,50.63,False,False
247570,0.0,50.63,False,False
247622,0.0,50.63,False,False
247674,0.0,50.63,False,False
247727,0.0,50.63,False,False
247779,0.0,50.63,False,False
247831,0.0,50.31,False,False
247883,0.0,50.31,False,False
247936,0.0,50.63,False,False
247988,0.0,50.63,False,False
248040,0.0,50.63,False,False
248092,0.0,50.63,False,False
248144,0.0,50.31,False,False
248197,0.0,50.31,False,False
248249,0.0,50.31,False,False
248301,0.0,50.31,False,False
248353,0.0,50.31,False,False
248406,0.0,50.31,False,False
248458,0.0,50.31,False,False
248510,0.0,50.31,False,False
248562,0.0,50.31,False,False
248614,0.0,50.31,False,False
248667,0.0,50.31,False,False
248719,0.0,50.31,False,False
248771,0.0,50.31,False,False
248823,0.0,50.31,False,False
248876,0.0,50.31,False,False
248928,0.0,50.31,False,False
248980,0.0,50.31,False,False
249032,0.0,50.31,False,False
249084,0.0,50.31,False,False
249137,0.0,50.31,False,False
249189,0.0,50.63,False,False
249241,0.0,50.63,False,False
249293,0.0,50.63,False,False
249346,0.0,50.63,False,False
249398,0.0,50.63,False,False
249450,0.0,50.63,False,False
249502,0.0,50.63,False,False
249554,0.0,50.95,False,False
249607,0.0,50.95,False,False
249659,0.0,50.95,False,False
249711,0.0,50.95,False,False
249763,0.0,50.95,False,False
249816,0.0,50.95,False,False
249868,0.0,51.27,False,False
249920,0.0,51.27,False,False
249972,0.0,51.27,False,False
250024,0.0,51.27,False,False
250077,0.0,51.27,False,False
250129,0.0,51.27,False,False
250181,0.0,51.27,False,False
250233,0.0,51.27,False,False
250286,0.0,51.27,False,False
250338,0.0,51.27,False,False
250390,0.0,51.27,False,False
250443,0.0,51.27,False,False
250496,0.0,51.27,False,False
250548,0.0,51.27,False,False
250600,0.0,51.27,False,False
250652,0.0,51.27,False,False
250704,0.0,51.27,False,False
250757,0.0,51.27,False,False
250809,0.0,51.59,False,False
250861,0.0,51.59,False,False
250913,0.0,51.59,False,False
250966,0.0,51.59,False,False
251018,0.0,51.59,False,False
251070,0.0,51.59,False,False
251122,0.0,51.59,False,False
251174,0.0,51.59,False,False
7,0.0,51.59,False,False
251279,0.0,51.59,False,False
251331,0.0,51.59,False,False
251383,0.0,51.59,False,False
251436,0.0,51.59,False,False
251488,0.0,51.59,False,False
251540,0.0,51.91,False,False
251592,0.0,51.59,False,False
251644,0.0,51.59,False,False
251697,0.0,51.91,False,False
251749,0.0,51.59,False,False
251801,0.0,51.59,False,False
251853,0.0,51.59,False,False
251906,0.0,51.59,False,False
251958,0.0,51.59,False,False
252010,0.0,51.59,False,False
252062,0.0,51.59,False,False
252114,0.0,51.59,False,False
252167,0.0,51.91,False,False
252219,0.0,51.91,False,False
252271,0.0,51.91,False,False
252323,0.0,51.91,False,False
252376,0.0,51.91,False,False
252428,0.0,51.91,False,False
252480,0.0,51.91,False,False
252532,0.0,51.91,False,False
252584,0.0,51.91,False,False
252637,0.0,51.91,False,False
252689,0.0,51.91,False,False
252741,0.0,51.91,False,False
252793,0.0,51.91,False,False
252846,0.0,51.91,False,False
252898,0.0,51.91,False,False
252950,0.0,51.91,False,False
253002,0.0,51.91,False,False
253054,0.0,51.91,False,False
253107,0.0,51.91,False,False
253159,0.0,51.91,False,False
253211,0.0,51.91,False,False
253263,0.0,51.91,False,False
253316,0.0,51.91,False,False
253368,0.0,51.91,False,False
253420,0.0,51.91,False,False
253472,0.0,51.91,False,False
253524,0.0,51.91,False,False
253577,0.0,51.91,False,False
253629,0.0,51.91,False,False
253681,0.0,51.91,False,False
253733,0.0,51.91,False,False
253786,0.0,51.91,False,False
253838,0.0,51.91,False,False
253890,0.0,51.91,False,False
253942,0.0,51.91,False,False
253995,0.0,51.91,False,False
254047,0.0,51.91,False,False
254099,0.0,51.91,False,False
254151,0.0,51.91,False,False
254203,0.0,51.91,False,False
254256,0.0,51.91,False,False
254308,0.0,51.91,False,False
254360,0.0,51.91,False,False
254412,0.0,51.91,False,False
254465,0.0,51.91,False,False
254517,0.0,51.91,False,False
254569,0.0,51.91,False,False
254621,0.0,51.91,False,False
254673,0.0,51.91,False,False
254726,0.0,51.91,False,False
254778,0.0,51.91,False,False
254830,0.0,51.91,False,False
254882,0.0,51.91,False,False
254935,0.0,51.91,False,False
254987,0.0,51.91,False,False
255039,0.0,51.91,False,False
255091,0.0,51.91,False,False
255143,0.0,51.91,False,False
255196,0.0,51.91,False,False
255248,0.0,51.91,False,False
255300,0.0,51.91,False,False
255352,0.0,51.91,False,False
255405,0.0,51.91,False,False
255457,0.0,51.91,False,False
255509,0.0,51.91,False,False
255561,0.0,51.91,False,False
255613,0.0,51.91,False,False
255666,0.0,51.91,False,False
255718,0.0,51.91,False,False
255770,0.0,52.23,False,False
255822,0.0,51.91,False,False
255875,0.0,51.91,False,False
255927,0.0,52.23,False,False
255979,0.0,52.23,False,False
256031,0.0,52.23,False,False
256083,0.0,52.23,False,False
256136,0.0,52.23,False,False
256188,0.0,52.23,False,False
256240,0.0,52.23,False,False
256292,0.0,52.23,False,False
256345,0.0,52.23,False,False
256397,0.0,52.23,False,False
256449,0.0,52.23,False,False
256501,0.0,52.55,False,False
256553,0.0,52.55,False,False
256607,0.0,52.55,False,False
256659,0.0,52.55,False,False
256711,0.0,52.55,False,False
256763,0.0,52.55,False,False
256816,0.0,52.55,False,False
256868,0.0,52.55,False,False
256920,0.0,52.55,False,False
256972,0.0,52.55,False,False
257025,0.0,52.55,False,False
257077,0.0,52.55,False,False
257129,0.0,52.55,False,False
257181,0.0,52.55,False,False
257233,0.0,52.55,False,False
257286,0.0,52.86,False,False
257338,0.0,52.55,False,False
257390,0.0,52.86,False,False
257442,0.0,52.86,False,False
257495,0.0,52.86,False,False
257547,0.0,52.86,False,False
257599,0.0,52.86,False,False
257651,0.0,52.86,False,False
257703,0.0,52.86,False,False
257756,0.0,52.86,False,False
257808,0.0,52.86,False,False
257860,0.0,52.86,False,False
257912,0.0,52.86,False,False
257965,0.0,52.86,False,False
258017,0.0,52.86,False,False
258069,0.0,52.86,False,False
258121,0.0,52.86,False,False
258173,0.0,52.86,False,False
258226,0.0,52.86,False,False
258278,0.0,52.86,False,False
258330,0.0,52.86,False,False
258382,0.0,52.86,False,False
258435,0.0,52.86,False,False
258487,0.0,52.86,False,False
258539,0.0,53.18,False,False
258591,0.0,52.86,False,False
258643,0.0,52.86,False,False
258696,0.0,52.86,False,False
258748,0.0,52.86,False,False
258800,0.0,52.86,False,False
258852,0.0,52.86,False,False
258905,0.0,53.18,False,False
258957,0.0,53.18,False,False
259009,0.0,53.18,False,False
259061,0.0,53.18,False,False
259113,0.0,53.18,False,False
259166,0.0,53.18,False,False
259218,0.0,53.18,False,False
259270,0.0,53.18,False,False
259322,0.0,53.18,False,False
259375,0.0,53.18,False,False
259427,0.0,53.18,False,False
259479,0.0,53.18,False,False
259531,0.0,53.18,False,False
259584,0.0,53.18,False,False
259636,0.0,53.18,False,False
259688,0.0,53.18,False,False
259740,0.0,53.18,False,False
259792,0.0,53.18,False,False
259845,0.0,53.18,False,False
259897,0.0,53.18,False,False
259949,0.0,53.18,False,False
260001,0.0,53.5,False,False
260054,0.0,53.5,False,False
260106,0.0,53.5,False,False
260158,0.0,53.5,False,False
260210,0.0,53.5,False,False
260262,0.0,53.5,False,False
260315,0.0,53.5,False,False
260367,0.0,53.5,False,False
260419,0.0,53.5,False,False
260471,0.0,53.5,False,False
260524,0.0,53.5,False,False
260576,0.0,53.5,False,False
260628,0.0,53.5,False,False
260680,0.0,53.5,False,False
260732,0.0,53.5,False,False
260785,0.0,53.5,False,False
260837,0.0,53.82,False,False
260889,0.0,53.5,False,False
260941,0.0,53.82,False,False
260994,0.0,53.82,False,False
261046,0.0,53.82,False,False
261098,0.0,53.82,False,False
261150,0.0,53.82,False,False
261202,0.0,53.82,False,False
261255,0.0,53.82,False,False
261307,0.0,53.82,False,False
261359,0.0,53.82,False,False
261411,0.0,53.82,False,False
261464,0.0,53.82,False,False
261516,0.0,53.82,False,False
261568,0.0,53.82,False,False
261620,0.0,53.82,False,False
261672,0.0,53.82,False,False
261725,0.0,53.82,False,False
261777,0.0,53.82,False,False
261829,0.0,53.82,False,False
261881,0.0,53.82,False,False
261934,0.0,53.82,False,False
261986,0.0,53.82,False,False
262038,0.0,53.82,False,False
262090,0.0,53.82,False,False
262142,0.0,53.82,False,False
262195,0.0,53.82,False,False
262247,0.0,53.82,False,False
262299,0.0,53.82,False,False
262351,0.0,53.82,False,False
262404,0.0,53.82,False,False
262456,0.0,53.82,False,False
262508,0.0,53.82,False,False
262560,0.0,53.82,False,False
262612,0.0,53.82,False,False
262665,0.0,53.82,False,False
262717,0.0,53.82,False,False
262769,0.0,53.82,False,False
262821,0.0,53.82,False,False
262874,0.0,53.82,False,False
262926,0.0,53.82,False,False
262978,0.0,53.82,False,False
263030,0.0,53.82,False,False
263083,0.0,53.82,False,False
263136,0.0,54.14,False,False
263188,0.0,53.82,False,False
263240,0.0,54.14,False,False
263292,0.0,54.14,False,False
263345,150.31,54.14,False,False
263397,0.0,54.14,False,False
263449,0.0,54.14,False,False
263501,0.0,54.14,False,False
263554,0.0,53.82,False,False
263606,0.0,53.82,False,False
263658,0.0,53.82,False,False
263710,0.0,53.82,False,False
263762,0.0,53.82,False,False
263815,0.0,53.82,False,False
263867,0.0,53.82,False,False
263919,0.0,53.82,False,False
263971,0.0,53.82,False,False
264024,0.0,53.82,False,False
264076,0.0,53.5,False,False
264128,0.0,53.5,False,False
264180,0.0,53.5,False,False
264232,0.0,53.18,False,False
264285,0.0,53.18,False,False
264337,0.0,53.18,False,False
264389,0.0,52.86,False,False
264441,0.0,52.86,False,False
264494,0.0,52.86,False,False
264546,0.0,52.86,False,False
264598,0.0,52.86,False,False
264650,0.0,52.55,False,False
264702,0.0,43.28,False,False
264755,0.0,39.76,False,False
264807,0.0,35.61,False,False
264859,0.0,32.41,False,False
264911,0.0,27.61,False,False
264964,0.0,25.7,False,False
265016,0.0,22.5,False,False
265068,0.0,22.18,False,False
265120,0.0,20.9,False,False
265172,0.0,20.26,False,False
265225,0.0,19.94,False,False
265277,0.0,21.22,False,False
265329,0.0,20.9,False,False
265381,-19237.58,22.82,False,False
265434,0.0,20.9,False,False
265486,0.0,21.86,False,False
265538,0.0,23.46,False,False
265590,7215.03,26.02,False,False
265643,0.0,23.46,False,False
265695,0.0,25.06,False,False
265747,0.0,24.42,False,False
265799,0.0,22.18,False,False
265851,0.0,24.74,False,False
265904,0.0,24.42,False,False
265956,0.0,24.1,False,False
266008,0.0,24.42,False,False
266060,0.0,25.38,False,False
266114,-13227.45,24.42,False,False
266166,300.64,28.57,False,False
266218,0.0,26.34,False,False
266270,0.0,26.66,False,False
266322,4809.98,28.57,False,False
266375,0.0,28.89,False,False
266427,0.0,28.89,False,False
266479,-19239.78,28.25,False,False
266531,0.0,27.3,False,False
266584,0.0,28.89,False,False
266636,0.0,28.25,False,False
266688,0.0,27.61,False,False
266740,0.0,24.74,False,False
266792,0.0,23.78,False,False
266845,0.0,21.54,False,False
266897,0.0,20.58,False,False
266949,0.0,21.54,False,False
267001,0.0,19.94,False,False
267054,150.31,23.14,False,False
267106,0.0,21.22,False,False
267158,0.0,21.86,False,False
267210,0.0,22.18,False,False
267264,0.0,22.18,False,False
267316,0.0,23.14,False,False
267368,0.0,23.14,False,False
267420,18.79,24.1,False,False
267472,0.0,23.78,False,False
267525,0.0,25.38,False,False
267577,0.0,25.7,False,False
267629,0.0,26.34,False,False
267681,0.0,26.98,False,False
267734,0.0,26.34,False,False
267786,0.0,26.02,False,False
267838,0.0,25.38,False,False
267890,0.0,26.34,False,False
267942,0.0,25.7,False,False
267995,0.0,25.38,False,False
268047,0.0,26.34,False,False
268099,0.0,26.98,False,False
268151,4.7,28.25,False,False
268205,-19239.93,29.21,False,False
268257,0.0,28.89,False,False
268309,0.0,29.53,False,False
268361,-19239.34,28.89,False,False
268413,-19239.93,32.09,False,False
268466,0.0,31.77,False,False
268518,9770.28,34.97,False,False
268570,75.16,30.81,False,False
268623,0.0,33.37,False,False
268676,151.49,34.65,False,False
268728,-19219.96,34.65,False,False
268780,0.0,35.29,False,False
268832,0.0,34.65,False,False
268884,216.07,33.37,False,False
268937,1202.5,39.12,False,False
268989,0.0,35.61,False,False
269041,23.49,36.24,False,False
269094,0.0,36.56,False,False
269147,0.0,33.05,False,False
269199,0.0,32.41,False,False
269251,12024.95,37.52,False,False
269303,0.0,36.88,False,False
269356,0.0,35.61,False,False
269408,0.0,34.33,False,False
269460,0.0,33.05,False,False
269512,0.0,31.45,False,False
269564,0.0,31.45,False,False
269617,0.0,32.41,False,False
269669,0.02,30.81,False,False
269721,0.0,31.45,False,False
269773,0.0,31.45,False,False
269826,0.0,31.77,False,False
269878,0.0,32.41,False,False
269930,0.0,32.73,False,False
269982,300.62,34.33,False,False
270034,-14425.25,31.13,False,False
270088,0.0,31.77,False,False
270140,0.0,32.41,False,False
270192,75.16,32.41,False,False
270244,0.0,35.29,False,False
270297,2404.99,33.69,False,False
270349,11574.17,31.77,False,False
270401,0.59,33.37,False,False
270453,0.0,34.97,False,False
270507,7215.71,35.92,False,False
270559,1841.84,40.08,False,False
270611,0.59,37.52,False,False
270663,4.7,38.16,False,False
270716,4960.38,38.8,False,False
270769,0.0,39.12,False,False
270821,9621.17,38.48,False,False
270873,491.16,39.76,False,False
270925,0.0,40.4,False,False
270978,0.0,40.72,False,False
271030,10261.88,43.28,False,False
271083,4810.57,39.12,False,False
271135,0.0,42.64,False,False
271187,0.0,43.28,False,False
271240,-19239.93,45.83,False,False
271292,0.0,44.87,False,False
271345,9620.0,42.32,False,False
271397,5151.72,43.6,False,False
271450,-14429.95,45.19,False,False
271502,0.0,47.11,False,False
271554,4.72,46.47,False,False
271606,14507.53,45.51,False,False
271660,0.0,46.15,False,False
271712,0.01,46.47,False,False
271764,1202.5,48.39,False,False
271816,0.0,48.07,False,False
271868,0.0,49.03,False,False
271921,380.55,47.11,False,False
271973,7.12,53.82,False,False
272025,0.0,49.35,False,False
272077,0.0,48.71,False,False
272131,159.85,48.07,False,False
272183,0.59,49.35,False,False
272235,0.0,51.59,False,False
272287,0.75,51.59,False,False
272339,9807.86,49.35,False,False
272392,0.0,49.99,False,False
272444,0.0,50.63,False,False
272497,0.08,51.27,False,False
272549,0.0,50.95,False,False
272602,0.0,50.63,False,False
272654,1204.84,45.19,False,False
272706,0.0,55.74,False,False
272758,0.0,50.95,False,False
272811,0.0,52.55,False,False
272863,9713.91,50.95,False,False
272915,0.0,51.27,False,False
272967,0.0,51.59,False,False
273020,2405.01,49.99,False,False
273073,0.0,55.1,False,False
273125,0.0,52.23,False,False
273177,12630.97,52.55,False,False
273229,0.02,53.18,False,False
273282,0.0,52.55,False,False
273334,0.0,53.18,False,False
273386,-13227.45,50.95,False,False
273438,0.0,53.5,False,False
273490,0.0,53.18,False,False
273543,9695.14,52.55,False,False
273595,0.0,50.63,False,False
273647,0.0,52.55,False,False
273699,0.0,53.18,False,False
273753,0.59,50.95,False,False
273805,0.0,55.42,False,False
273857,0.0,53.5,False,False
273909,0.15,53.82,False,False
273961,601.25,52.55,False,False
274014,0.0,53.18,False,False
274066,0.0,53.18,False,False
274118,0.0,47.43,False,False
274170,0.0,51.91,False,False
274223,0.0,52.86,False,False
274275,0.0,53.18,False,False
274327,2405.58,52.55,False,False
274379,0.0,52.86,False,False
274432,0.0,51.91,False,False
274485,-19239.93,47.11,False,False
274537,0.0,51.59,False,False
274589,0.0,52.55,False,False
274641,1.17,52.86,False,False
274694,0.04,52.86,False,False
274746,0.0,54.46,False,False
274798,0.0,52.86,False,False
274850,2.35,51.59,False,False
274903,0.0,52.55,False,False
274955,0.0,50.31,False,False
275007,0.0,48.71,False,False
275059,6613.8,52.86,False,False
275112,0.15,51.59,False,False
275165,2.42,51.91,False,False
275217,13838.11,54.78,False,False
275269,1.17,53.18,False,False
275321,0.3,53.82,False,False
275374,-1183.11,55.1,False,False
275427,1249.61,54.46,False,False
275479,0.0,54.78,False,False
275531,0.0,54.46,False,False
275584,0.0,54.78,False,False
275636,0.0,54.14,False,False
275688,0.0,53.82,False,False
275740,4847.56,52.86,False,False
275792,0.0,55.42,False,False
275845,0.0,50.31,False,False
275897,0.0,47.43,False,False
275949,0.0,43.92,False,False
276001,0.0,45.51,False,False
276054,0.0,42.32,False,False
276106,0.0,38.8,False,False
276158,0.0,35.61,False,False
276210,0.0,31.45,False,False
276262,0.0,29.53,False,False
276315,0.0,27.93,False,False
276367,0.0,27.3,False,False
276419,0.0,26.66,False,False
276471,0.0,26.66,False,False
276524,0.0,26.98,False,False
276576,0.0,26.98,False,False
276628,0.0,27.3,False,False
276680,0.0,27.93,False,False
276732,0.0,28.89,False,False
276785,0.0,29.53,False,False
276837,0.0,30.17,False,False
276889,0.0,31.13,False,False
276941,0.0,31.77,False,False
276994,0.0,32.41,False,False
277047,-19239.92,33.05,False,False
277099,2407.34,34.01,False,False
277151,2404.99,34.65,False,False
277203,150.31,35.29,False,False
277256,4913.61,35.92,False,False
277308,0.02,36.56,False,False
277361,4.7,36.88,False,False
277413,13232.16,37.84,False,False
277466,75.16,37.84,False,False
277518,0.59,38.48,False,False
277570,-17863.46,39.12,False,False
277623,601.25,39.44,False,False
277676,4960.29,39.76,False,False
277728,0.0,40.08,False,False
277780,0.59,40.72,False,False
277832,0.0,41.04,False,False
277884,0.0,41.36,False,False
277937,4.77,41.68,False,False
277989,0.0,42.0,False,False
278041,0.0,42.64,False,False
278093,0.0,42.64,False,False
278146,75.16,42.96,False,False
278199,0.0,43.28,False,False
278251,0.0,43.6,False,False
278303,302.97,43.92,False,False
278355,0.0,43.92,False,False
278408,0.0,44.23,False,False
278460,0.0,44.55,False,False
278512,0.0,44.87,False,False
278564,0.0,44.87,False,False
278617,0.0,45.19,False,False
278669,4809.98,45.19,False,False
278721,0.0,45.51,False,False
278773,0.0,45.83,False,False
278825,0.0,45.83,False,False
278878,0.0,46.15,False,False
278930,0.0,46.15,False,False
278982,0.0,46.47,False,False
279034,0.0,46.79,False,False
279087,1202.5,46.79,False,False
279139,0.0,47.11,False,False
279191,0.0,47.11,False,False
279243,0.0,47.43,False,False
279296,0.0,47.11,False,False
279348,0.0,47.43,False,False
279400,0.0,47.75,False,False
279452,0.0,47.75,False,False
279504,0.0,48.07,False,False
279557,0.0,48.07,False,False
279609,0.0,48.07,False,False
279661,0.0,48.39,False,False
279713,0.0,48.39,False,False
279766,0.0,48.39,False,False
279818,0.0,48.39,False,False
279870,0.0,48.71,False,False
279922,0.0,48.71,False,False
279974,0.0,49.03,False,False
280027,0.0,49.03,False,False
280079,0.0,49.03,False,False
280131,0.0,49.03,False,False
280183,0.0,49.03,False,False
280236,0.0,49.35,False,False
280288,0.0,49.35,False,False
280340,0.0,49.67,False,False
280392,0.0,49.67,False,False
280444,0.0,49.67,False,False
280497,0.0,49.67,False,False
280549,0.0,49.67,False,False
280601,0.0,49.99,False,False
280654,0.0,49.99,False,False
280707,0.0,49.99,False,False
280759,0.0,49.99,False,False
280811,0.0,49.99,False,False
280863,0.0,50.31,False,False
280915,0.0,49.99,False,False
280968,0.0,50.31,False,False
281020,0.0,50.31,False,False
281072,0.0,50.31,False,False
281124,0.0,50.31,False,False
281177,0.0,50.31,False,False
281229,0.0,50.63,False,False
281281,0.0,50.63,False,False
281333,0.0,50.31,False,False
281385,0.0,50.63,False,False
281438,0.0,50.63,False,False
281490,0.0,50.95,False,False
281542,0.0,50.63,False,False
281594,0.0,50.63,False,False
281647,0.0,50.95,False,False
281699,0.0,50.95,False,False
281751,0.0,50.95,False,False
281803,0.0,50.95,False,False
281856,0.0,50.95,False,False
281908,0.0,50.95,False,False
281960,0.0,50.95,False,False
282012,0.0,51.27,False,False
282064,0.0,51.27,False,False
282117,0.0,51.27,False,False
282169,0.0,51.27,False,False
282221,0.0,51.27,False,False
282273,0.0,51.59,False,False
282326,0.0,51.59,False,False
282378,0.0,51.59,False,False
282430,0.0,51.59,False,False
282482,0.0,51.59,False,False
282534,0.0,51.59,False,False
282587,0.0,51.91,False,False
282639,0.0,51.59,False,False
282691,0.0,51.59,False,False
282743,0.0,51.91,False,False
282796,0.0,51.91,False,False
282848,0.0,51.91,False,False
282900,0.0,51.91,False,False
282952,0.0,51.91,False,False
283004,0.0,52.23,False,False
283057,0.0,51.91,False,False
283109,0.0,51.91,False,False
283161,0.0,51.91,False,False
283213,0.0,52.23,False,False
283266,0.0,52.23,False,False
283318,0.0,52.23,False,False
283370,0.0,52.23,False,False
283422,0.0,52.23,False,False
283474,0.0,52.23,False,False
283527,0.0,52.23,False,False
283579,0.0,51.91,False,False
283631,0.0,52.23,False,False
283683,0.0,52.23,False,False
283736,0.0,52.23,False,False
283788,0.0,51.91,False,False
283840,0.0,51.91,False,False
283892,0.0,52.23,False,False
283944,0.0,52.55,False,False
283997,0.0,52.23,False,False
284049,0.0,52.23,False,False
284101,0.0,52.23,False,False
284153,0.0,52.23,False,False
284206,0.0,52.23,False,False
284258,0.0,52.23,False,False
284310,0.0,52.23,False,False
284362,0.0,52.23,False,False
284414,0.0,52.23,False,False
284467,0.0,52.23,False,False
284519,0.0,52.23,False,False
284571,0.0,52.23,False,False
284623,0.0,51.91,False,False
284676,0.0,52.23,False,False
284728,0.0,52.23,False,False
284780,0.0,52.23,False,False
284832,0.0,52.55,False,False
284884,0.0,52.23,False,False
284937,0.0,52.55,False,False
284989,0.0,52.23,False,False
285041,0.0,52.23,False,False
285093,0.0,52.23,False,False
285146,0.0,52.55,False,False
285198,0.0,52.55,False,False
285250,0.0,52.55,False,False
285302,0.0,52.55,False,False
285355,0.0,52.55,False,False
285407,0.0,52.55,False,False
285459,0.0,52.55,False,False
285511,0.0,52.55,False,False
285563,0.0,52.55,False,False
285616,0.0,52.55,False,False
285668,0.0,52.55,False,False
285720,0.0,52.55,False,False
285772,0.0,52.86,False,False
285825,0.0,52.55,False,False
285877,0.0,52.55,False,False
285929,0.0,52.55,False,False
285981,0.0,52.55,False,False
286033,0.0,52.55,False,False
286086,0.0,52.55,False,False
286138,0.0,52.55,False,False
286190,0.0,52.55,False,False
286242,0.0,52.55,False,False
286295,0.0,52.55,False,False
286347,0.0,52.55,False,False
286399,0.0,52.55,False,False
286451,0.0,52.55,False,False
286503,0.0,52.86,False,False
286556,0.0,52.55,False,False
286608,0.0,52.55,False,False
286660,0.0,52.55,False,False
286712,0.0,52.55,False,False
286765,0.0,52.55,False,False
286817,0.0,52.55,False,False
286869,0.0,52.55,False,False
286921,0.0,52.55,False,False
286973,0.0,52.55,False,False
287026,0.0,52.55,False,False
287078,0.0,52.55,False,False
287130,0.0,52.55,False,False
287182,0.0,52.55,False,False
287235,0.0,52.55,False,False
287287,0.0,52.55,False,False
287339,0.0,52.55,False,False
287391,0.0,52.55,False,False
287443,0.0,52.55,False,False
287496,0.0,52.55,False,False
287548,0.0,52.55,False,False
287600,0.0,52.55,False,False
287652,0.0,52.55,False,False
287705,0.0,52.55,False,False
287757,0.0,52.55,False,False
287809,0.0,52.55,False,False
287861,0.0,52.55,False,False
287913,0.0,52.55,False,False
287966,0.0,52.55,False,False
288018,0.0,52.55,False,False
288070,0.0,52.55,False,False
288122,0.0,52.86,False,False
288175,0.0,52.86,False,False
288227,0.0,52.86,False,False
288279,0.0,52.86,False,False
288332,0.0,52.86,False,False
288385,0.0,52.86,False,False
288437,0.0,52.86,False,False
288489,0.0,52.86,False,False
288541,0.0,52.86,False,False
288593,0.0,53.18,False,False
288646,0.0,52.86,False,False
288698,0.0,52.55,False,False
288750,0.0,52.86,False,False
288802,0.0,52.86,False,False
288855,0.0,52.86,False,False
288907,0.0,52.55,False,False
288959,0.0,52.55,False,False
289011,0.0,52.55,False,False
289063,0.0,52.55,False,False
289116,0.0,52.55,False,False
289168,0.0,52.55,False,False
289220,0.0,52.55,False,False
289272,0.0,52.55,False,False
289325,0.0,52.86,False,False
289377,0.0,52.55,False,False
289429,0.0,52.55,False,False
289481,0.0,52.55,False,False
289533,0.0,52.55,False,False
289586,0.0,52.55,False,False
289638,0.0,52.55,False,False
289690,0.0,52.55,False,False
289742,0.0,52.55,False,False
289795,0.0,52.55,False,False
289847,0.0,52.55,False,False
289899,0.0,52.55,False,False
289951,0.0,52.55,False,False
290003,0.0,52.55,False,False
290056,0.0,52.55,False,False
290108,0.0,52.55,False,False
290160,0.0,52.23,False,False
290212,0.0,52.23,False,False
290265,0.0,52.23,False,False
290317,0.0,52.23,False,False
290369,0.0,52.23,False,False
290421,0.0,52.55,False,False
290473,0.0,52.23,False,False
290526,0.0,52.23,False,False
290578,0.0,52.23,False,False
290630,0.0,52.23,False,False
290682,0.0,52.23,False,False
290735,0.0,52.23,False,False
290787,0.0,52.23,False,False
290839,0.0,52.23,False,False
290891,0.0,52.23,False,False
290944,0.0,52.23,False,False
290996,0.0,52.23,False,False
291048,0.0,52.23,False,False
291100,0.0,52.23,False,False
291152,0.0,52.23,False,False
291205,0.0,52.23,False,False
291257,0.0,52.23,False,False
291309,0.0,52.23,False,False
291361,0.0,52.55,False,False
291414,0.0,52.55,False,False
291466,0.0,52.55,False,False
291518,0.0,52.55,False,False
291570,0.0,52.55,False,False
291622,0.0,52.55,False,False
291675,0.0,52.55,False,False
291727,0.0,52.55,False,False
291779,0.0,52.55,False,False
291831,0.0,52.86,False,False
291884,0.0,52.86,False,False
291936,0.0,52.86,False,False
291988,0.0,52.86,False,False
292040,0.0,52.86,False,False
292092,0.0,52.55,False,False
292145,0.0,52.86,False,False
292197,0.0,52.86,False,False
292249,0.0,52.86,False,False
292301,0.0,52.86,False,False
292354,0.0,52.86,False,False
292406,0.0,52.86,False,False
292458,0.0,52.86,False,False
292510,0.0,52.86,False,False
292562,0.0,52.86,False,False
292615,0.0,52.86,False,False
292667,0.0,52.86,False,False
292719,0.0,52.86,False,False
292771,0.0,52.86,False,False
292824,0.0,52.86,False,False
292876,0.0,52.86,False,False
292928,0.0,53.18,False,False
292980,0.0,52.86,False,False
293032,0.0,52.86,False,False
293085,0.0,52.86,False,False
293137,0.0,52.86,False,False
293189,0.0,52.86,False,False
293241,0.0,52.86,False,False
293294,0.0,52.86,False,False
293346,0.0,52.86,False,False
293398,0.0,52.86,False,False
293450,0.0,52.86,False,False
293502,0.0,52.86,False,False
293555,0.0,52.86,False,False
293607,0.0,52.86,False,False
293659,0.0,52.86,False,False
293711,0.0,52.86,False,False
293764,0.0,52.86,False,False
293816,0.0,52.86,False,False
293868,0.0,52.86,False,False
293921,0.0,53.18,False,False
293974,0.0,52.86,False,False
294026,0.0,52.86,False,False
294078,0.0,52.86,False,False
294130,0.0,52.86,False,False
294182,0.0,52.86,False,False
294235,0.0,52.86,False,False
294287,0.0,52.86,False,False
294339,0.0,52.86,False,False
294391,0.0,52.86,False,False
294444,0.0,52.86,False,False
294496,0.0,52.86,False,False
294548,0.0,52.86,False,False
294600,0.0,52.86,False,False
294652,0.0,52.86,False,False
294705,0.0,52.86,False,False
294757,0.0,52.86,False,False
294809,0.0,52.86,False,False
294861,0.0,52.86,False,False
294914,0.0,52.86,False,False
294966,0.0,52.86,False,False
295018,0.0,52.86,False,False
295070,0.0,52.86,False,False
295122,0.0,52.86,False,False
295175,0.0,52.86,False,False
295227,0.0,52.86,False,False
295279,0.0,52.55,False,False
295331,0.0,52.55,False,False
295384,0.0,52.55,False,False
295436,0.0,52.55,False,False
295488,0.0,52.55,False,False
295540,0.0,52.55,False,False
295592,0.0,52.55,False,False
295645,0.0,52.55,False,False
295697,0.0,52.55,False,False
295749,0.0,52.55,False,False
295801,0.0,52.55,False,False
295854,0.0,52.55,False,False
295906,0.0,52.23,False,False
295958,0.0,52.55,False,False
296010,0.0,52.23,False,False
296062,0.0,52.23,False,False
296115,0.0,52.23,False,False
296167,0.0,52.23,False,False
296219,0.0,52.23,False,False
296271,0.0,52.23,False,False
296324,0.0,52.23,False,False
296376,0.0,52.23,False,False
296428,0.0,52.23,False,False
296480,0.0,52.23,False,False
296532,0.0,51.91,False,False
296585,0.0,51.91,False,False
296637,0.0,51.91,False,False
296689,0.0,51.91,False,False
296741,0.0,51.91,False,False
296794,0.0,51.91,False,False
296846,0.0,51.91,False,False
296898,0.0,51.91,False,False
296950,0.0,52.23,False,False
297003,0.0,51.91,False,False
297055,0.0,51.91,False,False
297107,0.0,51.91,False,False
297159,0.0,51.91,False,False
297211,0.0,52.23,False,False
297264,0.0,51.91,False,False
297316,0.0,51.91,False,False
297368,0.0,51.91,False,False
297420,0.0,51.91,False,False
297473,0.0,51.91,False,False
297525,0.0,51.91,False,False
297577,0.0,51.91,False,False
297629,0.0,51.91,False,False
297681,0.0,51.91,False,False
297734,0.0,51.91,False,False
297786,0.0,51.91,False,False
297838,0.0,51.91,False,False
297890,0.0,51.91,False,False
297943,0.0,51.91,False,False
297995,0.0,51.91,False,False
298047,0.0,51.91,False,False
298099,0.0,51.91,False,False
298151,0.0,51.91,False,False
298204,0.0,51.91,False,False
298256,0.0,52.23,False,False
298308,0.0,51.91,False,False
298360,0.0,51.91,False,False
298413,0.0,51.91,False,False
298465,0.0,51.91,False,False
298517,0.0,51.91,False,False
298569,0.0,51.91,False,False
298621,0.0,51.91,False,False
298674,0.0,52.23,False,False
298726,0.0,51.91,False,False
298778,0.0,51.91,False,False
298830,0.0,51.91,False,False
298883,0.0,52.23,False,False
298935,0.0,52.23,False,False
298987,0.0,52.23,False,False
299039,0.0,52.23,False,False
299091,0.0,52.23,False,False
299144,0.0,52.23,False,False
299196,0.0,52.23,False,False
299248,0.0,52.23,False,False
299300,0.0,52.23,False,False
299353,0.0,52.55,False,False
299405,0.0,52.23,False,False
299457,0.0,52.23,False,False
299509,0.0,52.23,False,False
299561,0.0,52.55,False,False
299614,0.0,52.23,False,False
299666,0.0,52.23,False,False
299718,0.0,52.23,False,False
299770,0.0,52.55,False,False
299823,0.0,52.23,False,False
299875,0.0,52.55,False,False
299927,0.0,52.55,False,False
299979,0.0,52.55,False,False
300032,0.0,52.55,False,False
300084,0.0,52.55,False,False
300136,0.0,52.55,False,False
300188,0.0,52.55,False,False
300240,0.0,52.55,False,False
300293,0.0,52.86,False,False
300345,0.0,52.55,False,False
300397,0.0,52.55,False,False
300449,0.0,52.86,False,False
300502,0.0,52.55,False,False
300554,0.0,52.55,False,False
300606,0.0,52.55,False,False
300658,0.0,52.55,False,False
300710,0.0,52.86,False,False
300763,0.0,52.55,False,False
300815,0.0,52.86,False,False
300867,0.0,52.86,False,False
300919,0.0,52.86,False,False
300973,0.0,52.86,False,False
301025,0.0,52.86,False,False
301077,0.0,52.86,False,False
301129,0.0,53.18,False,False
301181,0.0,53.18,False,False
301234,0.0,52.86,False,False
301286,0.0,53.18,False,False
301338,0.0,53.18,False,False
301390,0.0,53.18,False,False
301443,0.0,53.18,False,False
301495,0.0,53.18,False,False
301547,0.0,53.18,False,False
301599,0.0,52.86,False,False
301651,0.0,52.86,False,False
301704,0.0,52.86,False,False
301756,0.0,52.55,False,False
301808,0.0,52.55,False,False
301860,0.0,52.86,False,False
301913,0.0,52.55,False,False
301965,0.0,52.55,False,False
302017,0.0,52.86,False,False
302069,0.0,52.86,False,False
302121,0.0,52.86,False,False
302174,0.0,52.86,False,False
302226,0.0,52.55,False,False
302278,0.0,52.86,False,False
302330,0.0,52.86,False,False
302383,0.0,52.86,False,False
302435,0.0,52.86,False,False
302487,0.0,52.86,False,False
302539,0.0,52.86,False,False
302592,0.0,52.86,False,False
302644,0.0,52.86,False,False
302696,0.0,52.86,False,False
302748,0.0,52.86,False,False
302800,0.0,52.86,False,False
302853,0.0,52.86,False,False
302905,0.0,52.86,False,False
302957,0.0,52.86,False,False
303009,0.0,52.86,False,False
303062,0.0,52.86,False,False
303114,0.0,52.86,False,False
303166,0.0,52.86,False,False
303218,0.0,52.86,False,False
303270,0.0,52.86,False,False
303323,0.0,52.86,False,False
303375,0.0,52.86,False,False
303427,0.0,52.86,False,False
303479,0.0,52.86,False,False
303532,0.0,52.86,False,False
303584,0.0,52.86,False,False
303636,0.0,52.86,False,False
303688,0.0,52.86,False,False
303740,0.0,52.86,False,False
303793,0.0,52.86,False,False
303845,0.0,52.86,False,False
303897,0.0,52.86,False,False
303949,0.0,52.86,False,False
304002,0.0,52.86,False,False
304054,0.0,52.86,False,False
304106,0.0,52.86,False,False
304158,0.0,52.86,False,False
304210,0.0,52.86,False,False
304263,0.0,52.86,False,False
304315,0.0,52.86,False,False
304367,0.0,52.86,False,False
304419,0.0,52.86,False,False
304472,0.0,53.18,False,False
304524,0.0,53.18,False,False
304576,0.0,52.86,False,False
304628,0.0,52.86,False,False
304680,0.0,53.18,False,False
304734,0.0,53.18,False,False
304786,0.0,53.18,False,False
304838,0.0,53.18,False,False
304890,0.0,53.18,False,False
304943,0.0,53.18,False,False
304995,0.0,53.18,False,False
305047,0.0,53.18,False,False
305099,0.0,53.18,False,False
305152,0.0,53.18,False,False
305204,0.0,53.18,False,False
305256,0.0,53.18,False,False
305308,0.0,53.18,False,False
305360,0.0,53.18,False,False
305413,0.0,53.18,False,False
305465,0.0,53.18,False,False
305517,0.0,53.18,False,False
305569,0.0,53.18,False,False
305622,0.0,53.18,False,False
305674,0.0,53.18,False,False
305726,0.0,53.18,False,False
305778,0.0,53.18,False,False
305830,0.0,53.18,False,False
305883,0.0,53.5,False,False
305935,0.0,53.5,False,False
305987,0.0,53.5,False,False
306039,0.0,53.5,False,False
306092,0.0,53.5,False,False
306144,0.0,53.5,False,False
306196,0.0,53.5,False,False
306248,0.0,53.5,False,False
306300,0.0,53.5,False,False
306353,0.0,53.82,False,False
306405,0.0,53.82,False,False
306457,0.0,53.82,False,False
306509,0.0,53.82,False,False
306562,0.0,53.82,False,False
306614,0.0,53.82,False,False
306666,0.0,53.82,False,False
306718,0.0,53.82,False,False
306770,0.0,53.82,False,False
306823,0.0,53.82,False,False
306875,0.0,53.82,False,False
306927,0.0,53.82,False,False
306979,0.0,54.14,False,False
307032,0.0,54.14,False,False
307084,0.0,54.14,False,False
307136,0.0,54.14,False,False
307188,0.0,54.14,False,False
307240,0.0,54.14,False,False
307293,0.0,54.14,False,False
307345,0.0,54.14,False,False
307397,0.0,54.14,False,False
307449,0.0,54.14,False,False
307502,0.0,54.14,False,False
307554,0.0,54.46,False,False
307606,0.0,54.46,False,False
307658,0.0,54.46,False,False
307710,0.0,54.46,False,False
307763,0.0,54.46,False,False
307815,0.0,54.46,False,False
307867,0.0,54.46,False,False
307919,0.0,54.46,False,False
307972,0.0,54.46,False,False
308024,0.0,54.46,False,False
308076,0.0,54.46,False,False
308128,0.0,54.46,False,False
308180,0.0,54.46,False,False
308233,0.0,54.46,False,False
308285,0.0,54.46,False,False
308337,0.0,54.46,False,False
308389,0.0,54.46,False,False
308442,0.0,54.46,False,False
308494,0.0,54.46,False,False
308546,0.0,54.46,False,False
308598,0.0,54.46,False,False
308651,0.0,54.46,False,False
308703,0.0,54.46,False,False
308755,0.0,54.46,False,False
308807,0.0,54.46,False,False
308859,0.0,54.46,False,False
308912,0.0,54.46,False,False
308964,0.0,54.46,False,False
309016,0.0,54.46,False,False
309068,0.0,54.46,False,False
309121,0.0,54.46,False,False
309173,0.0,54.46,False,False
309225,0.0,54.46,False,False
309277,0.0,54.46,False,False
309329,0.0,54.46,False,False
309382,0.0,54.46,False,False
309434,0.0,54.46,False,False
309486,0.0,54.78,False,False
309538,0.0,54.78,False,False
309591,0.0,54.78,False,False
309643,0.0,54.78,False,False
309695,0.0,54.78,False,False
309747,0.0,54.78,False,False
309799,0.0,54.78,False,False
309852,0.0,54.78,False,False
309904,0.0,54.78,False,False
309956,0.0,54.78,False,False
310008,0.0,54.78,False,False
310061,0.0,54.78,False,False
310113,0.0,54.78,False,False
310166,0.0,54.78,False,False
310218,0.0,54.78,False,False
310270,0.0,54.78,False,False
310323,0.0,54.78,False,False
310375,0.0,54.78,False,False
310427,0.0,54.78,False,False
310479,0.0,54.78,False,False
310532,0.0,54.78,False,False
310584,0.0,54.78,False,False
310636,0.0,54.78,False,False
310688,0.0,54.78,False,False
310740,0.0,54.78,False,False
310793,0.0,54.78,False,False
310845,0.0,54.78,False,False
310897,0.0,54.78,False,False
310949,0.0,54.78,False,False
311002,0.0,54.78,False,False
311054,0.0,54.78,False,False
311106,0.0,54.78,False,False
311158,0.0,54.78,False,False
311211,0.0,54.78,False,False
311263,0.0,54.78,False,False
311315,0.0,54.78,False,False
311367,0.0,54.78,False,False
311419,0.0,54.78,False,False
311472,0.0,54.78,False,False
311524,0.0,54.78,False,False
311576,0.0,54.78,False,False
311628,0.0,54.78,False,False
311681,0.0,54.78,False,False
311733,0.0,54.78,False,False
311785,0.0,54.78,False,False
311837,0.0,54.78,False,False
311889,0.0,55.1,False,False
311942,0.0,55.1,False,False
311994,0.0,55.1,False,False
312046,0.0,55.1,False,False
312098,0.0,55.1,False,False
312151,0.0,55.1,False,False
312203,0.0,55.1,False,False
312255,0.0,55.1,False,False
312307,0.0,55.42,False,False
312359,0.0,55.42,False,False
312412,0.0,55.42,False,False
312464,0.0,55.42,False,False
312516,0.0,55.42,False,False
312568,0.0,55.42,False,False
312621,0.0,55.42,False,False
312673,0.0,55.42,False,False
312725,0.0,55.42,False,False
312777,0.0,55.42,False,False
312829,0.0,55.42,False,False
312882,0.0,55.42,False,False
312934,0.0,55.42,False,False
312986,0.0,55.42,False,False
313038,0.0,55.1,False,False
313091,0.0,55.1,False,False
313143,0.0,55.1,False,False
313195,0.0,55.1,False,False
313247,0.0,55.1,False,False
313299,0.0,55.1,False,False
313352,0.0,54.78,False,False
313404,0.0,54.78,False,False
313456,0.0,54.78,False,False
313508,0.0,54.46,False,False
313561,0.0,54.78,False,False
313613,0.0,54.78,False,False
313665,0.0,54.78,False,False
313717,0.0,54.78,False,False
313769,0.0,54.78,False,False
313822,0.0,54.46,False,False
313874,0.0,54.46,False,False
313926,0.0,54.46,False,False
313978,0.0,54.14,False,False
314031,0.0,54.14,False,False
314083,0.0,54.14,False,False
314135,0.0,53.82,False,False
314187,0.0,54.14,False,False
314240,0.0,54.14,False,False
314292,0.0,54.14,False,False
314344,0.0,54.14,False,False
314396,0.0,54.14,False,False
314448,0.0,53.82,False,False
314501,0.0,54.14,False,False
314553,0.0,54.14,False,False
314605,0.0,53.82,False,False
314657,0.0,53.82,False,False
314710,0.0,53.82,False,False
314762,0.0,53.82,False,False
314814,0.0,53.5,False,False
314866,0.0,53.5,False,False
314918,0.0,53.5,False,False
314971,0.0,53.5,False,False
315023,0.0,53.18,False,False
315075,0.0,53.18,False,False
315127,0.0,53.18,False,False
315180,0.0,53.18,False,False
315232,0.0,53.18,False,False
315284,0.0,53.18,False,False
315337,0.0,53.18,False,False
315389,0.0,53.18,False,False
315442,0.0,53.18,False,False
315494,0.0,52.86,False,False
315546,0.0,52.86,False,False
315598,0.0,52.86,False,False
315651,0.0,52.86,False,False
315703,0.0,52.86,False,False
315755,0.0,53.18,False,False
315807,0.0,53.18,False,False
315859,0.0,53.18,False,False
315912,0.0,53.18,False,False
315964,0.0,53.18,False,False
316016,0.0,53.18,False,False
316068,0.0,53.18,False,False
316121,0.0,53.18,False,False
316173,0.0,53.18,False,False
316225,0.0,53.18,False,False
316277,0.0,53.18,False,False
316329,0.0,53.18,False,False
316382,0.0,53.5,False,False
316434,0.0,53.18,False,False
316486,0.0,52.86,False,False
316538,0.0,53.18,False,False
316591,0.0,52.86,False,False
316643,0.0,53.18,False,False
316695,0.0,53.18,False,False
316747,0.0,53.18,False,False
316800,0.0,53.18,False,False
316852,0.0,53.18,False,False
316904,0.0,53.18,False,False
316956,0.0,53.18,False,False
317008,0.0,53.5,False,False
317061,0.0,53.18,False,False
317113,0.0,53.18,False,False
317165,0.0,53.5,False,False
317217,0.0,53.18,False,False
317270,0.0,53.18,False,False
317322,0.0,53.18,False,False
317374,0.0,53.5,False,False
317426,0.0,53.18,False,False
317478,0.0,53.18,False,False
317531,0.0,53.18,False,False
317583,0.0,53.18,False,False
317635,0.0,53.18,False,False
317687,0.0,53.18,False,False
317740,0.0,53.18,False,False
317792,0.0,53.18,False,False
317844,0.0,53.18,False,False
317896,0.0,53.18,False,False
317948,0.0,53.18,False,False
318001,0.0,53.18,False,False
318053,0.0,53.18,False,False
318105,0.0,53.18,False,False
318157,0.0,53.18,False,False
318210,0.0,53.18,False,False
318262,0.0,53.18,False,False
318314,0.0,53.18,False,False
318366,0.0,53.18,False,False
318418,0.0,53.18,False,False
318471,0.0,53.18,False,False
318523,0.0,53.5,False,False
318575,0.0,53.18,False,False
318627,0.0,53.18,False,False
318680,0.0,53.18,False,False
318732,0.0,53.18,False,False
318784,0.0,53.18,False,False
318836,0.0,53.18,False,False
318888,0.0,53.18,False,False
318941,0.0,53.5,False,False
318993,0.0,53.18,False,False
319045,0.0,53.5,False,False
319097,0.0,53.18,False,False
319150,0.0,53.5,False,False
319202,0.0,53.18,False,False
319254,0.0,53.5,False,False
319306,0.0,53.5,False,False
319358,0.0,53.5,False,False
319411,0.0,53.5,False,False
319463,0.0,53.5,False,False
319515,0.0,53.5,False,False
319567,0.0,53.5,False,False
319620,0.0,53.5,False,False
319672,0.0,53.5,False,False
319724,0.0,53.5,False,False
319776,0.0,53.5,False,False
319828,0.0,53.5,False,False
319881,0.0,53.5,False,False
319933,0.0,53.5,False,False
319985,0.0,53.5,False,False
320037,0.0,53.5,False,False
320090,0.0,53.5,False,False
320142,0.0,53.5,False,False
320194,0.0,53.5,False,False
320246,0.0,53.5,False,False
320299,0.0,53.5,False,False
320351,0.0,53.82,False,False
320403,0.0,53.82,False,False
320455,0.0,53.82,False,False
320507,0.0,53.82,False,False
320560,0.0,53.5,False,False
320612,0.0,53.82,False,False
320664,0.0,53.82,False,False
320716,0.0,53.82,False,False
320769,0.0,53.5,False,False
320821,0.0,53.82,False,False
320873,0.0,53.82,False,False
320925,0.0,53.5,False,False
320977,0.0,53.5,False,False
321030,0.0,53.82,False,False
321082,0.0,53.82,False,False
321134,0.0,53.82,False,False
321186,0.0,53.82,False,False
321239,0.0,53.82,False,False
321291,0.0,53.82,False,False
321343,0.0,54.14,False,False
321395,0.0,54.14,False,False
321447,0.0,54.14,False,False
321500,0.0,54.14,False,False
321552,0.0,54.14,False,False
321604,0.0,54.14,False,False
321656,0.0,54.14,False,False
321709,0.0,54.14,False,False
321762,0.0,54.14,False,False
321814,0.0,54.14,False,False
321866,0.0,54.14,False,False
321918,0.0,54.14,False,False
321971,0.0,54.14,False,False
322023,0.0,54.14,False,False
322075,0.0,54.46,False,False
322127,0.0,54.46,False,False
322180,0.0,54.46,False,False
322232,0.0,54.46,False,False
322284,0.0,54.46,False,False
322336,0.0,54.14,False,False
322388,0.0,54.14,False,False
322441,0.0,54.14,False,False
322493,0.0,53.82,False,False
322545,0.0,54.14,False,False
322597,0.0,54.14,False,False
322650,0.0,54.46,False,False
322702,0.0,54.46,False,False
322754,0.0,54.46,False,False
322806,0.0,54.46,False,False
322859,0.0,54.46,False,False
322911,0.0,54.46,False,False
322963,0.0,54.46,False,False
323015,0.0,54.46,False,False
323067,0.0,54.46,False,False
323120,0.0,54.46,False,False
323172,0.0,54.46,False,False
323224,0.0,54.46,False,False
323276,0.0,54.46,False,False
323329,0.0,54.46,False,False
323381,0.0,54.46,False,False
323433,0.0,54.46,False,False
323485,0.0,54.14,False,False
323537,0.0,54.14,False,False
323590,0.0,54.14,False,False
323642,0.0,54.14,False,False
323694,0.0,54.14,False,False
323746,0.0,53.82,False,False
323799,0.0,54.14,False,False
323851,0.0,54.14,False,False
323903,0.0,54.14,False,False
323955,0.0,54.14,False,False
324007,0.0,54.14,False,False
324060,0.0,54.14,False,False
324112,0.0,54.14,False,False
324164,0.0,54.14,False,False
324216,0.0,53.82,False,False
324269,0.0,54.14,False,False
324321,0.0,54.14,False,False
324373,0.0,54.14,False,False
324425,0.0,53.82,False,False
324477,0.0,53.82,False,False
324530,0.0,53.82,False,False
324582,0.0,53.82,False,False
324634,0.0,53.82,False,False
324686,0.0,53.82,False,False
324739,0.0,53.82,False,False
324791,0.0,53.82,False,False
324843,0.0,53.82,False,False
324895,0.0,53.82,False,False
324947,0.0,53.82,False,False
325000,0.0,53.82,False,False
325052,0.0,53.82,False,False
325104,0.0,53.82,False,False
325156,0.0,53.82,False,False
325209,0.0,53.82,False,False
325261,0.0,53.82,False,False
325313,0.0,53.82,False,False
325365,0.0,53.82,False,False
325417,0.0,53.82,False,False
325470,0.0,53.82,False,False
325522,0.0,53.82,False,False
325574,0.0,53.82,False,False
325626,0.0,53.82,False,False
325679,0.0,53.82,False,False
325731,0.0,53.82,False,False
325783,0.0,53.82,False,False
325835,0.0,53.82,False,False
325888,0.0,53.82,False,False
325940,0.0,53.82,False,False
325992,0.0,53.82,False,False
326044,0.0,53.82,False,False
326096,0.0,53.82,False,False
326149,0.0,53.82,False,False
326201,0.0,53.82,False,False
326253,0.0,53.82,False,False
326305,0.0,53.82,False,False
326358,0.0,53.82,False,False
326410,0.0,53.82,False,False
326462,0.0,53.82,False,False
326514,0.0,53.82,False,False
326566,0.0,53.82,False,False
326619,0.0,53.82,False,False
326671,0.0,53.82,False,False
326723,0.0,53.82,False,False
326775,0.0,53.82,False,False
326828,0.0,53.82,False,False
326880,0.0,53.82,False,False
326932,0.0,53.82,False,False
326984,0.0,53.82,False,False
327036,0.0,53.82,False,False
327089,0.0,53.82,False,False
327141,0.0,53.82,False,False
327193,0.0,53.5,False,False
327245,0.0,53.5,False,False
327298,0.0,53.5,False,False
327350,0.0,53.5,False,False
327402,0.0,53.18,False,False
327454,0.0,53.5,False,False
327506,0.0,53.18,False,False
327559,0.0,53.5,False,False
327611,0.0,53.18,False,False
327663,0.0,53.18,False,False
327715,0.0,53.18,False,False
327768,0.0,53.18,False,False
327820,0.0,53.18,False,False
327872,0.0,53.18,False,False
327924,0.0,52.86,False,False
327976,0.0,52.86,False,False
328029,0.0,52.86,False,False
328081,0.0,52.86,False,False
328133,0.0,52.86,False,False
328185,0.0,52.86,False,False
328238,0.0,52.86,False,False
328290,0.0,52.86,False,False
328342,0.0,52.86,False,False
328394,0.0,52.55,False,False
328448,0.0,52.55,False,False
328500,0.0,52.55,False,False
328552,0.0,52.55,False,False
328604,0.0,52.55,False,False
328656,0.0,52.55,False,False
328709,0.0,52.55,False,False
328761,0.0,52.55,False,False
328813,0.0,52.55,False,False
328865,0.0,52.23,False,False
328918,0.0,52.55,False,False
328970,0.0,52.55,False,False
329022,0.0,52.55,False,False
329074,0.0,52.55,False,False
329126,0.0,52.55,False,False
329179,0.0,52.55,False,False
329231,0.0,52.55,False,False
329283,0.0,52.55,False,False
329335,0.0,52.55,False,False
329388,0.0,52.55,False,False
329440,0.0,52.55,False,False
329492,0.0,52.55,False,False
329544,0.0,52.55,False,False
329596,0.0,52.55,False,False
329649,0.0,52.55,False,False
329701,0.0,52.55,False,False
329753,0.0,52.55,False,False
329805,0.0,52.55,False,False
329858,0.0,52.55,False,False
329910,0.0,52.55,False,False
329962,0.0,52.55,False,False
330014,0.0,52.23,False,False
330066,0.0,52.55,False,False
330119,0.0,52.55,False,False
330171,0.0,52.55,False,False
330223,0.0,52.55,False,False
330275,0.0,52.55,False,False
330328,0.0,52.55,False,False
330380,0.0,52.55,False,False
330432,0.0,52.55,False,False
330484,0.0,52.55,False,False
330536,0.0,52.55,False,False
330589,0.0,52.55,False,False
330641,0.0,52.86,False,False
330693,0.0,52.86,False,False
330745,0.0,52.86,False,False
330798,0.0,52.86,False,False
330850,0.0,52.86,False,False
330902,0.0,52.86,False,False
330954,0.0,52.55,False,False
331006,0.0,52.86,False,False
331059,0.0,52.86,False,False
331111,0.0,52.86,False,False
331163,0.0,52.86,False,False
331215,0.0,52.86,False,False
331268,0.0,52.86,False,False
331320,0.0,52.86,False,False
331372,0.0,52.86,False,False
331424,0.0,52.86,False,False
331476,0.0,52.86,False,False
331529,0.0,53.18,False,False
331581,0.0,52.86,False,False
331633,0.0,53.18,False,False
331685,0.0,53.18,False,False
331738,0.0,53.18,False,False
331790,0.0,52.86,False,False
331842,0.0,52.86,False,False
331894,0.0,52.86,False,False
331947,0.0,53.18,False,False
331999,0.0,52.86,False,False
332051,0.0,53.18,False,False
332103,0.0,53.18,False,False
332155,0.0,52.86,False,False
332208,0.0,53.18,False,False
332260,0.0,53.18,False,False
332312,0.0,52.86,False,False
332364,0.0,53.18,False,False
332417,0.0,53.18,False,False
332469,0.0,52.86,False,False
332521,0.0,52.86,False,False
332573,0.0,52.86,False,False
332625,0.0,52.86,False,False
332678,0.0,52.86,False,False
332730,0.0,52.86,False,False
332782,0.0,52.86,False,False
332834,0.0,52.86,False,False
332887,0.0,52.86,False,False
332939,0.0,52.86,False,False
332991,0.0,52.86,False,False
333043,0.0,52.55,False,False
333095,0.0,52.55,False,False
333148,0.0,52.55,False,False
333200,0.0,52.55,False,False
333252,0.0,52.55,False,False
333304,0.0,52.55,False,False
333357,0.0,52.55,False,False
333409,0.0,52.55,False,False
333462,0.0,52.55,False,False
333514,0.0,52.23,False,False
333566,0.0,52.23,False,False
333619,0.0,52.23,False,False
333671,0.0,51.91,False,False
333723,0.0,51.91,False,False
333775,0.0,51.91,False,False
333828,0.0,51.91,False,False
333880,0.0,51.59,False,False
333932,0.0,51.59,False,False
333984,0.0,51.59,False,False
334036,0.0,51.27,False,False
334089,0.0,51.27,False,False
334141,0.0,51.27,False,False
334193,0.0,51.27,False,False
334245,0.0,51.27,False,False
334298,0.0,51.27,False,False
334350,0.0,51.27,False,False
334402,0.0,51.59,False,False
334454,0.0,51.27,False,False
334507,0.0,51.27,False,False
334559,0.0,51.27,False,False
334611,0.0,50.95,False,False
334663,0.0,50.95,False,False
334715,0.0,50.95,False,False
334768,0.0,50.95,False,False
334820,0.0,50.95,False,False
334872,0.0,50.95,False,False
334924,0.0,50.95,False,False
334977,0.0,50.63,False,False
335029,0.0,50.63,False,False
335081,0.0,50.63,False,False
335133,0.0,50.63,False,False
335185,0.0,50.63,False,False
335238,0.0,50.63,False,False
335290,0.0,50.63,False,False
335342,0.0,50.63,False,False
335394,0.0,50.63,False,False
335447,0.0,50.63,False,False
335499,0.0,50.63,False,False
335551,0.0,50.63,False,False
335603,0.0,50.63,False,False
335655,0.0,50.63,False,False
335708,0.0,50.63,False,False
335760,0.0,50.31,False,False
335812,0.0,50.31,False,False
335864,0.0,50.31,False,False
335917,0.0,50.31,False,False
335969,0.0,49.99,False,False
336021,0.0,49.99,False,False
336073,0.0,49.99,False,False
336125,0.0,50.31,False,False
336178,0.0,50.31,False,False
336230,0.0,50.31,False,False
336282,0.0,49.99,False,False
336334,0.0,49.99,False,False
336387,0.0,49.99,False,False
336439,0.0,49.99,False,False
336491,0.0,49.67,False,False
336543,0.0,49.67,False,False
336595,0.0,49.67,False,False
336648,0.0,49.67,False,False
336700,0.0,49.35,False,False
336752,0.0,49.03,False,False
336804,0.0,49.03,False,False
336857,0.0,49.03,False,False
336909,0.0,48.71,False,False
336961,0.0,48.71,False,False
337013,0.0,48.71,False,False
337065,0.0,48.39,False,False
337118,0.0,48.39,False,False
337170,0.0,48.07,False,False
337222,0.0,48.39,False,False
337274,0.0,48.39,False,False
337327,0.0,48.07,False,False
337379,0.0,48.07,False,False
337431,0.0,47.75,False,False
337483,0.0,47.75,False,False
337536,0.0,47.75,False,False
337588,0.0,47.75,False,False
337640,0.0,47.75,False,False
337692,0.0,47.75,False,False
337744,0.0,47.43,False,False
337797,0.0,47.43,False,False
337849,0.0,47.43,False,False
337901,0.0,47.11,False,False
337953,0.0,47.43,False,False
338006,0.0,47.11,False,False
338058,0.0,47.11,False,False
338110,0.0,47.11,False,False
338162,0.0,46.79,False,False
338214,0.0,46.79,False,False
338267,0.0,46.79,False,False
338319,0.0,46.79,False,False
338371,0.0,46.47,False,False
338423,0.0,46.47,False,False
338476,0.0,46.47,False,False
338528,0.0,46.79,False,False
338580,0.0,46.15,False,False
338632,0.0,46.15,False,False
338684,0.0,46.47,False,False
338738,0.0,46.15,False,False
338790,0.0,46.15,False,False
338842,0.0,45.83,False,False
338894,0.0,45.83,False,False
338947,0.0,45.83,False,False
338999,0.0,45.51,False,False
339051,0.0,45.51,False,False
339103,0.0,45.83,False,False
339155,0.0,45.83,False,False
339208,0.0,45.83,False,False
339260,0.0,45.83,False,False
339312,0.0,45.83,False,False
339364,0.0,45.51,False,False
339417,0.0,45.51,False,False
339469,0.0,45.83,False,False
339521,0.0,45.83,False,False
339573,0.0,45.83,False,False
339625,0.0,45.83,False,False
339678,0.0,45.83,False,False
339730,0.0,45.83,False,False
339782,0.0,46.15,False,False
339834,0.0,45.83,False,False
339887,0.0,45.83,False,False
339939,0.0,45.51,False,False
339991,0.0,45.51,False,False
340043,0.0,45.83,False,False
340096,0.0,45.51,False,False
340148,0.0,45.51,False,False
340200,0.0,45.51,False,False
340252,0.0,45.51,False,False
340304,0.0,45.51,False,False
340357,0.0,45.83,False,False
340409,0.0,45.51,False,False
340461,0.0,45.51,False,False
340513,0.0,45.51,False,False
340566,0.0,45.19,False,False
340618,0.0,45.51,False,False
340670,0.0,45.51,False,False
340722,0.0,45.51,False,False
340774,0.0,45.51,False,False
340827,0.0,45.51,False,False
340879,0.0,45.51,False,False
340931,0.0,45.51,False,False
340983,0.0,45.83,False,False
341036,0.0,45.83,False,False
341088,0.0,45.83,False,False
341140,0.0,46.15,False,False
341192,0.0,46.15,False,False
341244,0.0,46.15,False,False
341297,0.0,46.47,False,False
341349,0.0,46.47,False,False
341401,0.0,46.79,False,False
341453,0.0,46.79,False,False
341506,0.0,46.79,False,False
341558,0.0,47.11,False,False
341610,0.0,47.11,False,False
341662,0.0,47.43,False,False
341714,0.0,47.43,False,False
341767,0.0,47.43,False,False
341819,0.0,47.43,False,False
341871,0.0,47.75,False,False
341923,0.0,47.75,False,False
341976,0.0,47.75,False,False
342028,0.0,47.75,False,False
342080,0.0,48.07,False,False
342132,0.0,48.07,False,False
342184,0.0,48.07,False,False
342237,0.0,48.39,False,False
342289,0.0,48.07,False,False
342341,0.0,48.39,False,False
342393,0.0,48.39,False,False
342446,0.0,48.39,False,False
342498,0.0,48.39,False,False
342550,0.0,48.71,False,False
342602,0.0,48.71,False,False
342654,0.0,48.71,False,False
342707,0.0,49.03,False,False
342759,0.0,48.71,False,False
342811,0.0,49.03,False,False
342863,0.0,49.03,False,False
342916,0.0,49.03,False,False
342968,0.0,49.35,False,False
343020,0.0,49.03,False,False
343072,0.0,49.03,False,False
343124,0.0,49.03,False,False
343177,0.0,49.35,False,False
343229,0.0,49.35,False,False
343281,0.0,49.35,False,False
343333,0.0,49.67,False,False
343386,0.0,49.67,False,False
343438,0.0,49.67,False,False
343490,0.0,49.67,False,False
343542,0.0,49.67,False,False
343595,0.0,49.67,False,False
343647,0.0,49.99,False,False
343699,0.0,49.67,False,False
343752,0.0,49.67,False,False
343804,0.0,49.99,False,False
343857,0.0,49.99,False,False
343909,0.0,49.99,False,False
343961,0.0,49.99,False,False
344013,0.0,49.99,False,False
344066,0.0,49.99,False,False
344118,0.0,49.99,False,False
344170,0.0,49.99,False,False
344222,0.0,49.99,False,False
344274,0.0,49.99,False,False
344327,0.0,50.31,False,False
344379,0.0,50.31,False,False
344431,0.0,50.31,False,False
344483,0.0,50.31,False,False
344536,0.0,50.31,False,False
344588,0.0,50.31,False,False
344640,0.0,50.31,False,False
344692,0.0,50.31,False,False
344744,0.0,50.31,False,False
344797,0.0,50.31,False,False
344849,0.0,50.31,False,False
344901,0.0,50.31,False,False
344953,0.0,50.31,False,False
345006,0.0,50.31,False,False
345058,0.0,50.31,False,False
345110,0.0,50.31,False,False
345162,0.0,50.31,False,False
345214,0.0,50.31,False,False
345267,0.0,50.31,False,False
345319,0.0,50.63,False,False
345371,0.0,50.63,False,False
345423,0.0,50.63,False,False
345476,0.0,50.95,False,False
345528,0.0,50.63,False,False
345580,0.0,50.63,False,False
345632,0.0,50.95,False,False
345684,0.0,50.95,False,False
345737,0.0,50.95,False,False
345789,0.0,50.95,False,False
345841,0.0,51.27,False,False
345893,0.0,50.95,False,False
345946,0.0,51.27,False,False
345998,0.0,51.27,False,False
346076,0.0,51.27,False,False
346180,0.0,51.27,False,False
346232,0.0,51.27,False,False
346285,0.0,51.27,False,False
346337,0.0,51.27,False,False
346389,0.0,51.59,False,False
346441,0.0,51.59,False,False
346493,0.0,51.59,False,False
346546,0.0,51.59,False,False
346598,0.0,51.59,False,False
346651,0.0,51.59,False,False
346703,0.0,51.59,False,False
346756,0.0,51.91,False,False
346808,0.0,51.91,False,False
346860,0.0,51.59,False,False
346912,0.0,51.91,False,False
346964,0.0,51.91,False,False
347017,0.0,51.91,False,False
347069,0.0,51.91,False,False
347121,0.0,51.91,False,False
347173,0.0,51.91,False,False
347226,0.0,51.91,False,False
347278,0.0,51.91,False,False
347330,0.0,51.91,False,False
347382,0.0,51.91,False,False
347435,0.0,51.91,False,False
347487,0.0,51.91,False,False
347539,0.0,51.91,False,False
347591,0.0,51.91,False,False
347643,0.0,51.91,False,False
347696,0.0,51.91,False,False
347748,0.0,51.91,False,False
347800,0.0,52.23,False,False
347852,0.0,52.23,False,False
347905,0.0,52.23,False,False
347957,0.0,52.23,False,False
348009,0.0,52.23,False,False
348061,0.0,52.23,False,False
348113,0.0,52.23,False,False
348166,0.0,52.23,False,False
348218,0.0,52.23,False,False
348270,0.0,52.23,False,False
348322,0.0,52.23,False,False
348375,0.0,52.55,False,False
348427,0.0,52.23,False,False
348479,0.0,52.23,False,False
348531,0.0,52.55,False,False
348583,0.0,52.55,False,False
348636,0.0,52.55,False,False
348688,0.0,52.55,False,False
348740,0.0,52.55,False,False
348792,0.0,52.55,False,False
348845,0.0,52.55,False,False
348897,0.0,52.55,False,False
348949,0.0,52.55,False,False
349001,0.0,52.55,False,False
349053,0.0,52.55,False,False
349106,0.0,52.55,False,False
349158,0.0,52.86,False,False
349210,0.0,52.86,False,False
349262,0.0,52.86,False,False
349315,0.0,52.86,False,False
349367,0.0,52.86,False,False
349419,0.0,52.86,False,False
349471,0.0,52.86,False,False
349523,0.0,52.86,False,False
349576,0.0,52.86,False,False
349628,0.0,52.86,False,False
349680,0.0,52.86,False,False
349732,0.0,52.86,False,False
349785,0.0,52.86,False,False
349837,0.0,52.86,False,False
349889,0.0,52.86,False,False
349941,0.0,52.86,False,False
349993,0.0,52.86,False,False
350046,0.0,52.86,False,False
350098,0.0,52.86,False,False
350150,0.0,52.86,False,False
350202,0.0,52.86,False,False
350255,0.0,52.86,False,False
350307,0.0,52.86,False,False
350359,0.0,52.86,False,False
350411,0.0,52.86,False,False
350464,0.0,52.86,False,False
350516,0.0,53.18,False,False
350568,0.0,52.86,False,False
350620,0.0,53.18,False,False
350672,0.0,53.18,False,False
350725,0.0,53.18,False,False
350777,0.0,53.18,False,False
350829,0.0,53.18,False,False
350881,0.0,53.18,False,False
350960,0.0,53.18,False,False
351012,0.0,53.18,False,False
351065,0.0,53.18,False,False
351117,0.0,53.18,False,False
351169,0.0,53.18,False,False
351221,0.0,53.18,False,False
351273,0.0,53.18,False,False
351326,0.0,53.18,False,False
351378,0.0,53.18,False,False
351430,0.0,53.18,False,False
351482,0.0,53.18,False,False
351535,0.0,53.18,False,False
351587,0.0,53.18,False,False
351639,0.0,53.18,False,False
351691,0.0,53.5,False,False
351744,0.0,53.18,False,False
351796,0.0,53.18,False,False
351848,0.0,53.18,False,False
351900,0.0,53.18,False,False
351952,0.0,53.18,False,False
352005,0.0,53.18,False,False
352057,0.0,53.18,False,False
352109,0.0,53.18,False,False
352161,0.0,53.18,False,False
352214,0.0,53.18,False,False
352266,0.0,53.18,False,False
352318,0.0,53.18,False,False
352370,0.0,53.18,False,False
352422,0.0,53.18,False,False
352475,0.0,53.18,False,False
352527,0.0,53.5,False,False
352579,0.0,53.5,False,False
352631,0.0,53.5,False,False
352684,0.0,53.5,False,False
352736,0.0,53.5,False,False
352788,0.0,53.5,False,False
352840,0.0,53.5,False,False
352892,0.0,53.5,False,False
352945,0.0,53.5,False,False
352997,0.0,53.5,False,False
353049,0.0,53.5,False,False
353101,0.0,53.5,False,False
353154,0.0,53.5,False,False
353206,0.0,53.5,False,False
353258,0.0,53.5,False,False
353310,0.0,53.5,False,False
353362,0.0,53.5,False,False
353415,0.0,53.5,False,False
353467,0.0,53.5,False,False
353519,0.0,53.5,False,False
353571,0.0,53.5,False,False
353624,0.0,53.5,False,False
353676,0.0,53.5,False,False
353728,0.0,53.5,False,False
353780,0.0,53.5,False,False
353832,0.0,53.5,False,False
353885,0.0,53.5,False,False
353937,0.0,53.5,False,False
353989,0.0,53.82,False,False
354041,0.0,53.82,False,False
354094,0.0,53.82,False,False
354146,0.0,53.82,False,False
354198,0.0,53.82,False,False
354250,0.0,53.82,False,False
354302,0.0,54.14,False,False
354355,0.0,54.14,False,False
354407,0.0,54.14,False,False
354459,0.0,54.14,False,False
354511,0.0,54.14,False,False
354564,0.0,54.14,False,False
354616,0.0,54.14,False,False
354668,0.0,54.14,False,False
354720,0.0,54.14,False,False
354772,0.0,54.14,False,False
354825,0.0,54.14,False,False
354877,0.0,54.14,False,False
354929,0.0,54.14,False,False
354981,0.0,54.14,False,False
355034,0.0,54.46,False,False
355086,0.0,54.46,False,False
355165,0.0,54.46,False,False
355217,0.0,54.46,False,False
355269,0.0,54.46,False,False
355321,0.0,54.46,False,False
355374,0.0,54.46,False,False
355426,0.0,54.46,False,False
355478,0.0,54.46,False,False
355530,0.0,54.46,False,False
355582,0.0,54.46,False,False
355635,0.0,54.46,False,False
355687,0.0,54.46,False,False
355739,0.0,54.46,False,False
355791,0.0,54.46,False,False
355844,0.0,54.46,False,False
355896,0.0,54.46,False,False
355948,0.0,54.46,False,False
356000,0.0,54.46,False,False
356052,0.0,54.46,False,False
356105,0.0,54.46,False,False
356157,0.0,54.46,False,False
356209,0.0,54.46,False,False
356261,0.0,54.46,False,False
356314,0.0,54.46,False,False
356366,0.0,54.46,False,False
356418,0.0,54.46,False,False
356470,0.0,54.46,False,False
356523,0.0,54.46,False,False
356575,0.0,54.46,False,False
356627,0.0,54.46,False,False
356679,0.0,54.46,False,False
356731,0.0,54.46,False,False
356784,0.0,54.46,False,False
356836,0.0,54.46,False,False
356888,0.0,54.46,False,False
356940,0.0,54.46,False,False
356993,0.0,54.46,False,False
357045,0.0,54.46,False,False
357097,0.0,54.46,False,False
357149,0.0,54.46,False,False
357201,0.0,54.46,False,False
357254,0.0,54.46,False,False
357306,0.0,54.46,False,False
357358,0.0,54.46,False,False
357410,0.0,54.46,False,False
357463,0.0,54.46,False,False
357515,0.0,54.46,False,False
357567,0.0,54.46,False,False
357619,0.0,54.46,False,False
357671,0.0,54.46,False,False
357724,0.0,54.46,False,False
357776,0.0,54.46,False,False
357828,0.0,54.46,False,False
357880,0.0,54.46,False,False
357933,0.0,54.46,False,False
357985,0.0,54.46,False,False
358037,0.0,54.46,False,False
358089,0.0,54.46,False,False
358141,0.0,54.46,False,False
358194,0.0,54.46,False,False
358246,0.0,54.46,False,False
358298,0.0,54.46,False,False
358350,0.0,54.46,False,False
358403,0.0,54.46,False,False
358455,0.0,54.46,False,False
358507,0.0,54.46,False,False
358559,0.0,54.46,False,False
358611,0.0,54.46,False,False
358664,0.0,54.46,False,False
358716,0.0,54.46,False,False
358768,0.0,54.46,False,False
358820,0.0,54.46,False,False
358873,0.0,54.46,False,False
358925,0.0,54.46,False,False
358977,0.0,54.46,False,False
359029,0.0,54.46,False,False
359081,0.0,54.46,False,False
359134,0.0,54.46,False,False
359186,0.0,54.46,False,False
359238,0.0,54.46,False,False
359290,0.0,54.46,False,False
359344,0.0,54.46,False,False
359396,0.0,54.46,False,False
359448,0.0,54.46,False,False
359500,0.0,54.46,False,False
359553,0.0,54.46,False,False
359605,0.0,54.46,False,False
359657,0.0,54.46,False,False
359709,0.0,54.46,False,False
359761,0.0,54.46,False,False
359814,0.0,54.46,False,False
359866,0.0,54.46,False,False
359918,0.0,54.46,False,False
359970,0.0,54.46,False,False
360023,0.0,54.46,False,False
360075,0.0,54.46,False,False
360127,0.0,54.46,False,False
360179,0.0,54.46,False,False
360231,0.0,54.46,False,False
360284,0.0,54.46,False,False
360336,0.0,54.46,False,False
360388,0.0,54.46,False,False
360440,0.0,54.46,False,False
360493,0.0,54.46,False,False
360545,0.0,54.46,False,False
360597,0.0,54.46,False,False
360649,0.0,54.46,False,False
360701,0.0,54.46,False,False
360754,0.0,54.46,False,False
360806,0.0,54.78,False,False
360858,0.0,54.78,False,False
360910,0.0,54.78,False,False
360963,0.0,54.78,False,False
361015,0.0,54.78,False,False
361067,0.0,54.78,False,False
361119,0.0,54.78,False,False
361171,0.0,54.78,False,False
361224,0.0,54.78,False,False
361276,0.0,54.78,False,False
361328,0.0,54.78,False,False
361380,0.0,54.78,False,False
361433,0.0,54.78,False,False
361485,0.0,54.78,False,False
361537,0.0,54.78,False,False
361589,0.0,54.78,False,False
361641,0.0,54.78,False,False
361694,0.0,54.78,False,False
361746,0.0,54.78,False,False
361798,0.0,54.78,False,False
361850,0.0,54.78,False,False
361903,0.0,54.78,False,False
361955,0.0,54.78,False,False
362007,0.0,54.78,False,False
362059,0.0,54.78,False,False
362112,0.0,54.78,False,False
362164,0.0,54.78,False,False
362216,0.0,54.78,False,False
362268,0.0,54.78,False,False
362320,0.0,54.78,False,False
362373,0.0,54.78,False,False
362425,0.0,54.78,False,False
362477,0.0,54.78,False,False
362529,0.0,54.78,False,False
362582,0.0,54.78,False,False
362634,0.0,54.78,False,False
362686,0.0,54.78,False,False
362738,0.0,54.78,False,False
362790,0.0,54.78,False,False
362843,0.0,54.78,False,False
362895,0.0,54.78,False,False
362947,0.0,54.78,False,False
362999,0.0,54.78,False,False
363052,0.0,54.78,False,False
363104,0.0,54.78,False,False
363156,0.0,55.1,False,False
363208,0.0,55.1,False,False
363260,0.0,55.1,False,False
363313,0.0,55.1,False,False
363365,0.0,55.1,False,False
363417,0.0,55.1,False,False
363469,0.0,55.1,False,False
363522,0.0,55.1,False,False
363574,0.0,55.1,False,False
363626,0.0,55.1,False,False
363678,0.0,55.1,False,False
363730,0.0,55.1,False,False
363783,0.0,55.1,False,False
363835,0.0,55.1,False,False
363887,0.0,55.1,False,False
363939,0.0,55.1,False,False
363992,0.0,55.1,False,False
364044,0.0,55.1,False,False
364096,0.0,55.1,False,False
364148,0.0,55.1,False,False
364200,0.0,55.1,False,False
364253,0.0,55.1,False,False
364305,0.0,55.1,False,False
364357,0.0,55.1,False,False
364409,0.0,55.1,False,False
364462,0.0,55.1,False,False
364514,0.0,55.1,False,False
364566,0.0,55.1,False,False
364618,0.0,55.1,False,False
364670,0.0,55.1,False,False
364723,0.0,55.1,False,False
364775,0.0,55.1,False,False
364827,0.0,55.1,False,False
364879,0.0,55.1,False,False
364932,0.0,55.42,False,False
364984,0.0,55.42,False,False
365036,0.0,55.42,False,False
365088,0.0,55.42,False,False
365142,0.0,55.42,False,False
365194,0.0,55.42,False,False
365246,0.0,55.42,False,False
365298,0.0,55.42,False,False
365350,0.0,55.42,False,False
365403,0.0,55.42,False,False
365455,0.0,55.42,False,False
365507,0.0,55.42,False,False
365559,0.0,55.42,False,False
365612,0.0,55.42,False,False
365664,0.0,55.42,False,False
365716,0.0,55.42,False,False
365768,0.0,55.42,False,False
365820,0.0,55.42,False,False
365873,0.0,55.42,False,False
365925,0.0,55.42,False,False
365977,0.0,55.42,False,False
366029,0.0,55.42,False,False
366082,0.0,55.42,False,False
366134,0.0,55.42,False,False
366186,0.0,55.42,False,False
366238,0.0,55.42,False,False
366290,0.0,55.42,False,False
366343,0.0,55.42,False,False
366395,0.0,55.42,False,False
366447,0.0,55.42,False,False
366499,0.0,55.42,False,False
366552,0.0,55.42,False,False
366604,0.0,55.42,False,False
366656,0.0,55.42,False,False
366708,0.0,55.42,False,False
366760,0.0,55.42,False,False
366813,0.0,55.42,False,False
366865,0.0,55.42,False,False
366917,0.0,55.42,False,False
366969,0.0,55.42,False,False
367022,0.0,55.42,False,False
367074,0.0,55.42,False,False
367126,0.0,55.42,False,False
367178,0.0,55.42,False,False
367230,0.0,55.42,False,False
367283,0.0,55.42,False,False
367335,0.0,55.42,False,False
367387,0.0,55.42,False,False
367439,0.0,55.42,False,False
367492,0.0,55.42,False,False
367544,0.0,55.42,False,False
367596,0.0,55.42,False,False
367648,0.0,55.42,False,False
367700,0.0,55.42,False,False
367753,0.0,55.42,False,False
367805,0.0,55.42,False,False
367857,0.0,55.42,False,False
367909,0.0,55.42,False,False
367962,0.0,55.42,False,False
368014,0.0,55.42,False,False
368066,0.0,55.42,False,False
368118,0.0,55.42,False,False
368171,0.0,55.42,False,False
368223,0.0,55.42,False,False
368275,0.0,55.42,False,False
368327,0.0,55.42,False,False
368379,0.0,55.42,False,False
368432,0.0,55.42,False,False
368484,0.0,55.42,False,False
368536,0.0,55.42,False,False
368588,0.0,55.42,False,False
368641,0.0,55.42,False,False
368693,0.0,55.42,False,False
368745,0.0,55.42,False,False
368797,0.0,55.42,False,False
368849,0.0,55.42,False,False
368902,0.0,55.42,False,False
368954,0.0,55.42,False,False
369006,0.0,55.42,False,False
369058,0.0,55.42,False,False
369111,0.0,55.42,False,False
369163,0.0,55.42,False,False
369215,0.0,55.42,False,False
369267,0.0,55.42,False,False
369319,0.0,55.42,False,False
369372,0.0,55.42,False,False
369424,0.0,55.42,False,False
369476,0.0,55.42,False,False
369528,0.0,55.42,False,False
369581,0.0,55.42,False,False
369633,0.0,55.42,False,False
369685,0.0,55.42,False,False
369737,0.0,55.42,False,False
369789,0.0,55.42,False,False
369842,0.0,55.42,False,False
369894,0.0,55.42,False,False
369946,0.0,55.42,False,False
369998,0.0,55.42,False,False
370051,0.0,55.42,False,False
370103,0.0,55.42,False,False
370155,0.0,55.42,False,False
370207,0.0,55.42,False,False
370259,0.0,55.42,False,False
370312,0.0,55.42,False,False
370364,0.0,55.42,False,False
370416,0.0,55.42,False,False
370468,0.0,55.42,False,False
370521,0.0,55.42,False,False
370573,0.0,55.42,False,False
370625,0.0,55.42,False,False
370677,0.0,55.42,False,False
370729,0.0,55.42,False,False
370782,0.0,55.42,False,False
370834,0.0,55.42,False,False
370886,0.0,55.42,False,False
370938,0.0,55.42,False,False
370991,0.0,55.42,False,False
371043,0.0,55.42,False,False
371095,0.0,55.42,False,False
371147,0.0,55.42,False,False
371200,0.0,55.42,False,False
371252,0.0,55.42,False,False
371304,0.0,55.42,False,False
371356,0.0,55.42,False,False
371408,0.0,55.42,False,False
371462,0.0,55.42,False,False
371514,0.0,55.42,False,False
371566,0.0,55.42,False,False
371618,0.0,55.42,False,False
371671,0.0,55.42,False,False
371723,0.0,55.42,False,False
371775,0.0,55.42,False,False
371827,0.0,55.42,False,False
371879,0.0,55.42,False,False
371932,0.0,55.42,False,False
371984,0.0,55.42,False,False
372036,0.0,55.42,False,False
372088,0.0,55.74,False,False
372141,0.0,55.74,False,False
372193,0.0,55.74,False,False
372245,0.0,55.74,False,False
372297,0.0,55.74,False,False
372349,0.0,55.74,False,False
372402,0.0,55.74,False,False
372454,0.0,55.74,False,False
372506,0.0,55.74,False,False
372558,0.0,55.74,False,False
372611,0.0,55.74,False,False
372663,0.0,55.74,False,False
372715,0.0,55.74,False,False
372767,0.0,55.74,False,False
372819,0.0,55.74,False,False
372872,0.0,55.74,False,False
372924,0.0,55.74,False,False
372976,0.0,55.74,False,False
373028,0.0,55.74,False,False
373081,0.0,56.06,False,False
373133,0.0,55.74,False,False
373185,0.0,55.74,False,False
373237,0.0,55.74,False,False
373289,0.0,56.06,False,False
373342,0.0,56.06,False,False
373394,0.0,55.74,False,False
373446,0.0,56.06,False,False
373498,0.0,56.06,False,False
373551,0.0,55.74,False,False
373603,0.0,55.74,False,False
373655,0.0,56.06,False,False
373707,0.0,56.06,False,False
373760,0.0,56.06,False,False
373812,0.0,55.74,False,False
373864,0.0,56.06,False,False
373916,0.0,56.06,False,False
373968,0.0,56.06,False,False
374021,0.0,56.06,False,False
374073,0.0,56.06,False,False
374125,0.0,56.06,False,False
374177,0.0,56.06,False,False
374230,0.0,56.06,False,False
374282,0.0,56.06,False,False
374334,0.0,56.06,False,False
374386,0.0,56.06,False,False
374438,0.0,56.06,False,False
374491,0.0,56.06,False,False
374543,0.0,56.06,False,False
374595,0.0,56.06,False,False
374647,0.0,56.06,False,False
374700,0.0,56.06,False,False
374752,0.0,56.06,False,False
374804,0.0,56.06,False,False
374856,0.0,56.06,False,False
374908,0.0,56.06,False,False
374961,0.0,56.06,False,False
375013,0.0,56.06,False,False
375065,0.0,56.06,False,False
375117,0.0,56.06,False,False
375170,0.0,56.06,False,False
375222,0.0,56.06,False,False
375274,0.0,56.06,False,False
375326,0.0,56.06,False,False
375378,0.0,56.06,False,False
375431,0.0,56.06,False,False
375483,0.0,56.06,False,False
375535,0.0,56.06,False,False
375587,0.0,56.06,False,False
375640,0.0,56.06,False,False
375692,0.0,56.06,False,False
375744,0.0,56.06,False,False
375796,0.0,56.06,False,False
375848,0.0,56.06,False,False
375901,0.0,56.06,False,False
375953,0.0,56.06,False,False
376005,0.0,56.06,False,False
376057,0.0,56.06,False,False
376110,0.0,56.06,False,False
376162,0.0,55.74,False,False
376214,0.0,56.06,False,False
376266,0.0,56.06,False,False
376318,0.0,56.06,False,False
376371,0.0,56.06,False,False
376424,0.0,56.06,False,False
376476,0.0,56.06,False,False
376528,0.0,56.06,False,False
376581,0.0,56.06,False,False
376633,0.0,56.06,False,False
376685,0.0,56.06,False,False
376737,0.0,56.06,False,False
376790,0.0,56.06,False,False
376842,0.0,56.06,False,False
376894,0.0,56.06,False,False
376946,0.0,56.06,False,False
376998,0.0,56.06,False,False
377051,0.0,56.06,False,False
377103,0.0,56.06,False,False
377155,0.0,56.06,False,False
377207,0.0,56.06,False,False
377260,0.0,56.06,False,False
377312,0.0,56.06,False,False
377364,0.0,56.06,False,False
377416,0.0,56.06,False,False
377468,0.0,56.06,False,False
377521,0.0,56.06,False,False
377573,0.0,56.06,False,False
377625,0.0,56.06,False,False
377677,0.0,56.06,False,False
377730,0.0,56.06,False,False
377782,0.0,56.06,False,False
377834,0.0,56.06,False,False
377886,0.0,56.06,False,False
377938,0.0,56.06,False,False
377991,0.0,56.06,False,False
378043,0.0,56.06,False,False
378095,0.0,56.06,False,False
378147,0.0,56.06,False,False
378200,0.0,56.06,False,False
378252,0.0,56.06,False,False
378304,0.0,56.06,False,False
378356,0.0,56.06,False,False
378408,0.0,56.06,False,False
378461,0.0,56.06,False,False
378513,0.0,56.06,False,False
378565,0.0,56.06,False,False
378617,0.0,56.06,False,False
378670,0.0,56.06,False,False
378722,0.0,56.06,False,False
378774,0.0,56.06,False,False
378826,0.0,56.06,False,False
378878,0.0,56.06,False,False
378931,0.0,56.06,False,False
378983,0.0,56.06,False,False
379035,0.0,56.06,False,False
379087,0.0,56.06,False,False
379140,0.0,56.06,False,False
379192,0.0,56.06,False,False
379244,0.0,56.06,False,False
379296,0.0,56.06,False,False
379348,0.0,56.06,False,False
379401,0.0,56.06,False,False
379453,0.0,56.06,False,False
379505,0.0,56.06,False,False
379557,0.0,56.06,False,False
379610,0.0,56.06,False,False
379662,0.0,56.06,False,False
379714,0.0,56.06,False,False
379766,0.0,56.06,False,False
379819,0.0,56.06,False,False
379871,0.0,56.06,False,False
379923,0.0,56.06,False,False
379975,0.0,56.06,False,False
380027,0.0,56.06,False,False
380080,0.0,56.06,False,False
380132,0.0,56.06,False,False
380184,0.0,56.06,False,False
380236,0.0,56.06,False,False
380289,0.0,56.06,False,False
380341,0.0,56.06,False,False
380393,0.0,56.06,False,False
380445,0.0,56.06,False,False
380497,0.0,56.06,False,False
380550,0.0,56.06,False,False
380602,0.0,56.06,False,False
380654,0.0,56.06,False,False
380706,0.0,56.06,False,False
380759,0.0,56.06,False,False
380811,0.0,56.06,False,False
380863,0.0,56.06,False,False
380915,0.0,56.06,False,False
380967,0.0,56.06,False,False
381020,0.0,56.06,False,False
381072,0.0,56.06,False,False
381124,0.0,56.06,False,False
381176,0.0,56.06,False,False
381229,0.0,56.06,False,False
381281,0.0,56.06,False,False
381333,0.0,56.06,False,False
381385,0.0,56.06,False,False
381437,0.0,56.06,False,False
381490,0.0,56.06,False,False
381542,0.0,56.06,False,False
381594,0.0,56.06,False,False
381646,0.0,56.06,False,False
381699,0.0,56.06,False,False
381751,0.0,56.06,False,False
381803,0.0,56.06,False,False
381855,0.0,56.06,False,False
381907,0.0,56.06,False,False
381960,0.0,56.06,False,False
382012,0.0,56.06,False,False
382064,0.0,55.74,False,False
382117,0.0,55.74,False,False
382170,0.0,55.74,False,False
382222,0.0,55.74,False,False
382274,0.0,55.74,False,False
382326,0.0,55.74,False,False
382379,0.0,55.74,False,False
382431,0.0,55.74,False,False
382483,0.0,55.42,False,False
382535,0.0,55.42,False,False
382587,0.0,55.74,False,False
382640,0.0,55.74,False,False
382692,0.0,55.74,False,False
382744,0.0,55.74,False,False
382796,0.0,55.74,False,False
382849,0.0,55.42,False,False
382901,0.0,55.42,False,False
382953,0.0,55.42,False,False
383005,0.0,55.42,False,False
383057,0.0,55.42,False,False
383110,0.0,55.42,False,False
383162,0.0,55.42,False,False
383214,0.0,55.42,False,False
383266,0.0,55.42,False,False
383319,0.0,55.42,False,False
383371,0.0,55.42,False,False
383423,0.0,55.42,False,False
383475,0.0,55.42,False,False
383527,0.0,55.42,False,False
383580,0.0,55.42,False,False
383632,0.0,55.42,False,False
383684,0.0,55.42,False,False
383736,0.0,55.42,False,False
383789,0.0,55.42,False,False
383841,0.0,55.42,False,False
383893,0.0,55.42,False,False
383945,0.0,55.42,False,False
383997,0.0,55.42,False,False
384050,0.0,55.42,False,False
384102,0.0,55.42,False,False
384154,0.0,55.42,False,False
384206,0.0,55.42,False,False
384259,0.0,55.42,False,False
384311,0.0,55.74,False,False
384363,0.0,55.42,False,False
384415,0.0,55.42,False,False
384467,0.0,55.42,False,False
384520,0.0,55.42,False,False
384572,0.0,55.42,False,False
384624,0.0,55.42,False,False
384676,0.0,55.42,False,False
384729,0.0,55.42,False,False
384781,0.0,55.42,False,False
384833,0.0,55.42,False,False
384885,0.0,55.42,False,False
384937,0.0,55.42,False,False
384990,0.0,55.74,False,False
385042,0.0,55.74,False,False
385094,0.0,55.74,False,False
385146,0.0,55.74,False,False
385199,0.0,55.74,False,False
385251,0.0,55.74,False,False
385303,0.0,55.74,False,False
385355,0.0,55.74,False,False
385408,0.0,55.74,False,False
385460,0.0,55.74,False,False
385512,0.0,55.74,False,False
385564,0.0,55.74,False,False
385616,0.0,55.74,False,False
385669,0.0,55.74,False,False
385721,0.0,55.74,False,False
385773,0.0,55.74,False,False
385825,0.0,56.06,False,False
385878,0.0,56.06,False,False
385930,0.0,56.06,False,False
385982,0.0,56.06,False,False
386034,0.0,56.06,False,False
386086,0.0,56.06,False,False
386139,0.0,56.06,False,False
386191,0.0,56.06,False,False
386243,0.0,56.06,False,False
386295,0.0,56.06,False,False
386348,0.0,56.06,False,False
386400,0.0,56.06,False,False
386452,0.0,56.06,False,False
386504,0.0,56.06,False,False
386556,0.0,56.06,False,False
386609,0.0,56.06,False,False
386661,0.0,56.06,False,False
386713,0.0,56.06,False,False
386765,0.0,55.74,False,False
386818,0.0,56.06,False,False
386870,0.0,56.06,False,False
386922,0.0,56.06,False,False
386974,0.0,56.06,False,False
387026,0.0,56.06,False,False
387079,0.0,56.06,False,False
387131,0.0,56.06,False,False
387184,0.0,56.06,False,False
387236,0.0,56.06,False,False
387289,0.0,56.06,False,False
387341,0.0,56.06,False,False
387393,0.0,56.06,False,False
387445,0.0,56.06,False,False
387497,0.0,56.06,False,False
387550,0.0,56.06,False,False
387602,0.0,56.06,False,False
387654,0.0,56.06,False,False
387706,0.0,56.06,False,False
387759,0.0,56.06,False,False
387811,0.0,56.06,False,False
387863,0.0,56.06,False,False
387915,0.0,56.06,False,False
387968,0.0,56.06,False,False
388020,0.0,56.06,False,False
388072,0.0,56.06,False,False
388124,0.0,56.06,False,False
388176,0.0,56.06,False,False
388229,0.0,56.06,False,False
388281,0.0,56.06,False,False
388333,0.0,56.06,False,False
388385,0.0,56.06,False,False
388438,0.0,56.06,False,False
388490,0.0,56.06,False,False
388542,0.0,56.06,False,False
388594,0.0,56.06,False,False
388646,0.0,56.06,False,False
388699,0.0,56.06,False,False
388751,0.0,56.06,False,False
388803,0.0,56.06,False,False
388855,0.0,56.06,False,False
388908,0.0,56.06,False,False
388960,0.0,56.06,False,False
389012,0.0,56.06,False,False
389064,0.0,56.06,False,False
389116,0.0,56.06,False,False
389169,0.0,56.06,False,False
389221,0.0,56.06,False,False
389273,0.0,56.06,False,False
389325,0.0,56.06,False,False
389378,0.0,56.06,False,False
389430,0.0,56.06,False,False
389482,0.0,56.06,False,False
389534,0.0,56.06,False,False
389586,0.0,56.06,False,False
389639,0.0,56.06,False,False
389691,0.0,56.06,False,False
389743,0.0,56.06,False,False
389795,0.0,56.06,False,False
389848,0.0,56.06,False,False
389900,0.0,56.06,False,False
389952,0.0,56.06,False,False
390004,0.0,56.06,False,False
390056,0.0,56.06,False,False
390109,0.0,56.06,False,False
390161,0.0,56.06,False,False
390213,0.0,56.06,False,False
390265,0.0,56.06,False,False
390318,0.0,56.06,False,False
390370,0.0,56.06,False,False
390422,0.0,56.06,False,False
390474,0.0,56.06,False,False
390526,0.0,56.06,False,False
390579,0.0,56.06,False,False
390631,0.0,56.06,False,False
390683,0.0,56.06,False,False
390735,0.0,56.06,False,False
390788,0.0,56.06,False,False
390840,0.0,56.06,False,False
390892,0.0,56.06,False,False
390944,0.0,56.06,False,False
390996,0.0,56.06,False,False
391049,0.0,56.06,False,False
391101,0.0,56.06,False,False
391153,0.0,56.06,False,False
391205,0.0,56.06,False,False
391258,0.0,56.06,False,False
391310,0.0,56.06,False,False
391362,0.0,56.06,False,False
391414,0.0,56.06,False,False
391467,0.0,56.06,False,False
391519,0.0,56.06,False,False
391571,0.0,56.06,False,False
391623,0.0,56.06,False,False
391675,0.0,56.06,False,False
391728,0.0,56.06,False,False
391780,0.0,56.06,False,False
391832,0.0,56.06,False,False
391884,0.0,56.06,False,False
391937,0.0,56.06,False,False
391989,0.0,56.06,False,False
392041,0.0,56.06,False,False
392093,0.0,56.06,False,False
392145,0.0,56.06,False,False
392198,0.0,56.06,False,False
392250,0.0,56.06,False,False
392302,0.0,56.06,False,False
392354,0.0,56.06,False,False
392407,0.0,56.06,False,False
392459,0.0,56.06,False,False
392511,0.0,56.06,False,False
392563,0.0,56.06,False,False
392615,0.0,56.06,False,False
392668,0.0,56.06,False,False
392720,0.0,56.06,False,False
392772,0.0,56.06,False,False
392824,0.0,56.06,False,False
392877,0.0,56.06,False,False
392929,0.0,56.06,False,False
392981,0.0,56.06,False,False
393033,0.0,56.06,False,False
393085,0.0,56.06,False,False
393139,0.0,56.06,False,False
393191,0.0,56.06,False,False
393243,0.0,56.06,False,False
393295,0.0,56.06,False,False
393348,0.0,56.06,False,False
393400,0.0,56.06,False,False
393452,0.0,56.06,False,False
393504,0.0,56.06,False,False
393556,0.0,56.06,False,False
393609,0.0,56.06,False,False
393661,0.0,56.06,False,False
393713,0.0,56.06,False,False
393765,0.0,56.06,False,False
393818,0.0,56.06,False,False
393870,0.0,56.06,False,False
393922,0.0,56.06,False,False
393974,0.0,56.06,False,False
394027,0.0,56.38,False,False
394079,0.0,56.06,False,False
394131,0.0,56.06,False,False
394183,0.0,56.06,False,False
394235,0.0,56.06,False,False
394288,0.0,56.06,False,False
394340,0.0,56.06,False,False
394392,0.0,56.06,False,False
394444,0.0,56.06,False,False
394497,0.0,56.06,False,False
394549,0.0,56.06,False,False
394601,0.0,56.06,False,False
394653,0.0,56.06,False,False
394705,0.0,56.06,False,False
394758,0.0,56.06,False,False
394810,0.0,56.06,False,False
394862,0.0,56.06,False,False
394914,0.0,56.06,False,False
394967,0.0,56.06,False,False
395019,0.0,56.06,False,False
395071,0.0,56.06,False,False
395123,0.0,56.06,False,False
395175,0.0,56.06,False,False
395228,0.0,56.06,False,False
395280,0.0,56.06,False,False
395332,0.0,56.06,False,False
395384,0.0,56.06,False,False
395437,0.0,56.06,False,False
395489,0.0,56.06,False,False
395541,0.0,56.06,False,False
395593,0.0,56.06,False,False
395645,0.0,56.06,False,False
395698,0.0,56.06,False,False
395750,0.0,56.06,False,False
395802,0.0,56.06,False,False
395854,0.0,56.06,False,False
395907,0.0,56.06,False,False
395959,0.0,56.06,False,False
396011,0.0,56.06,False,False
396063,0.0,56.06,False,False
396115,0.0,56.06,False,False
396168,0.0,56.06,False,False
396220,0.0,56.06,False,False
396272,0.0,56.06,False,False
396324,0.0,56.06,False,False
396377,0.0,56.06,False,False
396429,0.0,56.06,False,False
396481,0.0,56.06,False,False
396533,0.0,56.06,False,False
396585,0.0,56.06,False,False
396638,0.0,56.06,False,False
396690,0.0,56.06,False,False
396742,0.0,56.06,False,False
396794,0.0,56.06,False,False
396847,0.0,56.06,False,False
396899,0.0,56.06,False,False
396951,0.0,56.06,False,False
397003,0.0,56.06,False,False
397056,0.0,56.06,False,False
397108,0.0,56.06,False,False
397160,0.0,55.74,False,False
397212,0.0,56.06,False,False
397264,0.0,56.06,False,False
397317,0.0,56.06,False,False
397369,0.0,56.06,False,False
397421,0.0,56.06,False,False
397473,0.0,56.06,False,False
397526,0.0,55.74,False,False
397578,0.0,56.06,False,False
397630,0.0,56.06,False,False
397682,0.0,55.74,False,False
397734,0.0,55.74,False,False
397787,0.0,55.74,False,False
397839,0.0,55.74,False,False
397891,0.0,55.74,False,False
397943,0.0,55.74,False,False
397996,0.0,55.74,False,False
398048,0.0,55.74,False,False
398100,0.0,55.74,False,False
398152,0.0,55.74,False,False
398204,0.0,55.74,False,False
398257,0.0,55.74,False,False
398309,0.0,55.74,False,False
398361,0.0,55.74,False,False
398413,0.0,55.74,False,False
398466,0.0,55.74,False,False
398518,0.0,55.74,False,False
398571,0.0,55.74,False,False
398623,0.0,55.74,False,False
398675,0.0,55.74,False,False
398728,0.0,55.74,False,False
398780,0.0,55.74,False,False
398832,0.0,55.74,False,False
398884,0.0,55.74,False,False
398937,0.0,55.74,False,False
398989,0.0,55.74,False,False
399041,0.0,55.74,False,False
399093,0.0,55.74,False,False
399145,0.0,55.74,False,False
399198,0.0,55.74,False,False
399250,0.0,55.74,False,False
399302,0.0,55.74,False,False
399354,0.0,55.74,False,False
399407,0.0,55.74,False,False
399459,0.0,55.74,False,False
399511,0.0,55.74,False,False
399563,0.0,55.74,False,False
399616,0.0,55.74,False,False
399668,0.0,55.74,False,False
399720,0.0,55.74,False,False
399772,0.0,55.74,False,False
399824,0.0,55.74,False,False
399877,0.0,55.74,False,False
399929,0.0,55.74,False,False
399981,0.0,55.74,False,False
400033,0.0,55.74,False,False
400086,0.0,55.74,False,False
400138,0.0,55.74,False,False
400190,0.0,55.74,False,False
400242,0.0,55.74,False,False
400294,0.0,55.74,False,False
400347,0.0,55.74,False,False
400399,0.0,55.74,False,False
400451,0.0,55.74,False,False
400503,0.0,55.74,False,False
400556,0.0,55.74,False,False
400608,0.0,55.74,False,False
400660,0.0,55.74,False,False
400712,0.0,55.74,False,False
400764,0.0,55.74,False,False
400817,0.0,55.74,False,False
400869,0.0,55.74,False,False
400921,0.0,55.74,False,False
400973,0.0,55.74,False,False
401026,0.0,55.74,False,False
401078,0.0,55.74,False,False
401130,0.0,55.74,False,False
401182,0.0,55.74,False,False
401234,0.0,55.74,False,False
401287,0.0,55.74,False,False
401339,0.0,55.74,False,False
401391,0.0,55.74,False,False
401443,0.0,55.74,False,False
401496,0.0,55.74,False,False
401548,0.0,55.74,False,False
401600,0.0,55.74,False,False
401652,0.0,55.74,False,False
401704,0.0,55.74,False,False
401757,0.0,55.74,False,False
401809,0.0,55.74,False,False
401861,0.0,55.74,False,False
401913,0.0,55.74,False,False
401966,0.0,55.74,False,False
402019,0.0,55.74,False,False
402071,0.0,55.74,False,False
402123,0.0,55.74,False,False
402176,0.0,55.74,False,False
402228,0.0,55.74,False,False
402280,0.0,55.74,False,False
402332,0.0,55.74,False,False
402384,0.0,55.74,False,False
402437,0.0,55.74,False,False
402489,0.0,55.74,False,False
402541,0.0,55.74,False,False
402593,0.0,55.74,False,False
402646,0.0,55.74,False,False
402698,0.0,55.74,False,False
402750,0.0,55.74,False,False
402802,0.0,55.74,False,False
402854,0.0,55.74,False,False
402907,0.0,55.74,False,False
402959,0.0,55.74,False,False
403011,0.0,55.74,False,False
403063,0.0,55.74,False,False
403116,0.0,55.74,False,False
403168,0.0,55.74,False,False
403220,0.0,55.74,False,False
403272,0.0,55.74,False,False
403324,0.0,55.74,False,False
403377,0.0,55.74,False,False
403429,0.0,55.74,False,False
403481,0.0,55.74,False,False
403533,0.0,55.74,False,False
403586,0.0,55.74,False,False
403638,0.0,55.74,False,False
403690,0.0,55.74,False,False
403742,0.0,55.74,False,False
403794,0.0,55.74,False,False
403847,0.0,55.74,False,False
403899,0.0,55.74,False,False
403951,0.0,55.74,False,False
404003,0.0,55.74,False,False
404056,0.0,55.74,False,False
404108,0.0,55.74,False,False
404160,0.0,55.74,False,False
404212,0.0,55.74,False,False
404264,0.0,55.74,False,False
404317,0.0,55.74,False,False
404369,0.0,55.74,False,False
404421,0.0,55.42,False,False
404473,0.0,55.74,False,False
404526,0.0,55.74,False,False
404578,0.0,55.74,False,False
404630,0.0,55.74,False,False
404682,0.0,55.74,False,False
404734,0.0,55.74,False,False
404787,0.0,55.74,False,False
404839,0.0,55.74,False,False
404891,0.0,55.74,False,False
404943,0.0,55.74,False,False
404996,0.0,55.74,False,False
405048,0.0,55.74,False,False
405100,0.0,55.74,False,False
405152,0.0,55.74,False,False
405204,0.0,55.74,False,False
405257,0.0,55.74,False,False
405309,0.0,55.74,False,False
405361,0.0,55.74,False,False
405414,0.0,55.74,False,False
405467,0.0,55.74,False,False
405519,0.0,55.74,False,False
405571,0.0,55.74,False,False
405623,0.0,55.74,False,False
405676,0.0,55.74,False,False
405728,0.0,55.74,False,False
405780,0.0,55.74,False,False
405832,0.0,55.74,False,False
405884,0.0,55.74,False,False
405937,0.0,55.74,False,False
405989,0.0,55.74,False,False
406041,0.0,55.74,False,False
406093,0.0,55.74,False,False
406146,0.0,55.74,False,False
406198,0.0,55.74,False,False
406250,0.0,55.42,False,False
406302,0.0,55.74,False,False
406354,0.0,55.74,False,False
406407,0.0,55.74,False,False
406459,0.0,55.74,False,False
406511,0.0,55.74,False,False
406563,0.0,55.42,False,False
406616,0.0,55.74,False,False
406668,0.0,55.74,False,False
406720,0.0,55.42,False,False
406772,0.0,55.74,False,False
406824,0.0,55.74,False,False
406877,0.0,55.74,False,False
406929,0.0,55.74,False,False
406981,0.0,55.74,False,False
407033,0.0,55.74,False,False
407086,0.0,55.74,False,False
407138,0.0,55.74,False,False
407190,0.0,55.74,False,False
407242,0.0,55.74,False,False
407294,0.0,55.74,False,False
407347,0.0,55.74,False,False
407399,0.0,55.42,False,False
407451,0.0,55.74,False,False
407503,0.0,55.74,False,False
407556,0.0,55.74,False,False
407608,0.0,55.74,False,False
407660,0.0,55.74,False,False
407712,0.0,55.74,False,False
407764,0.0,55.74,False,False
407817,0.0,55.74,False,False
407869,0.0,55.74,False,False
407921,0.0,55.74,False,False
407973,0.0,55.74,False,False
408026,0.0,55.74,False,False
408078,0.0,55.42,False,False
408130,0.0,55.74,False,False
408182,0.0,55.74,False,False
408235,0.0,55.74,False,False
408287,0.0,55.42,False,False
408339,0.0,55.74,False,False
408391,0.0,55.74,False,False
408443,0.0,55.74,False,False
408496,0.0,55.74,False,False
408548,0.0,55.74,False,False
408600,0.0,55.74,False,False
408652,0.0,55.74,False,False
408705,0.0,55.74,False,False
408757,0.0,55.74,False,False
408809,0.0,55.74,False,False
408862,0.0,55.42,False,False
408914,0.0,55.74,False,False
408967,0.0,55.74,False,False
409019,0.0,55.74,False,False
409071,0.0,55.74,False,False
409123,0.0,55.74,False,False
409176,0.0,55.74,False,False
409228,0.0,55.74,False,False
409280,0.0,55.74,False,False
409332,0.0,55.74,False,False
409384,0.0,55.74,False,False
409437,0.0,55.74,False,False
409489,0.0,55.74,False,False
409541,0.0,55.74,False,False
409593,0.0,55.74,False,False
409646,0.0,55.74,False,False
409698,0.0,55.42,False,False
409750,0.0,55.42,False,False
409802,0.0,55.74,False,False
409854,0.0,55.74,False,False
409907,0.0,55.42,False,False
409959,0.0,55.74,False,False
410011,0.0,55.74,False,False
410063,0.0,55.74,False,False
410116,0.0,55.42,False,False
410168,0.0,55.74,False,False
410220,0.0,55.74,False,False
410272,0.0,55.74,False,False
410324,0.0,55.74,False,False
410377,0.0,55.74,False,False
410429,0.0,55.74,False,False
410481,0.0,55.74,False,False
410533,0.0,55.74,False,False
410586,0.0,55.74,False,False
410638,0.0,55.74,False,False
410690,0.0,55.74,False,False
410742,0.0,55.74,False,False
410795,0.0,55.74,False,False
410847,0.0,55.74,False,False
410899,0.0,55.74,False,False
410951,0.0,55.74,False,False
411003,0.0,55.74,False,False
411056,0.0,55.74,False,False
411108,0.0,55.74,False,False
411160,0.0,55.74,False,False
411212,0.0,55.74,False,False
411265,0.0,55.74,False,False
411317,0.0,55.74,False,False
411369,0.0,55.74,False,False
411421,0.0,55.74,False,False
411473,0.0,55.74,False,False
411526,0.0,55.74,False,False
411578,0.0,55.74,False,False
411630,0.0,55.74,False,False
411682,0.0,55.74,False,False
411735,0.0,55.74,False,False
411787,0.0,55.74,False,False
411839,0.0,55.74,False,False
411891,0.0,55.74,False,False
411943,0.0,55.42,False,False
411996,0.0,55.74,False,False
412048,0.0,55.74,False,False
412100,0.0,55.74,False,False
412152,0.0,55.74,False,False
412205,0.0,55.74,False,False
412257,0.0,55.74,False,False
412309,0.0,55.74,False,False
412361,0.0,55.74,False,False
412413,0.0,55.74,False,False
412466,0.0,55.74,False,False
412518,0.0,55.74,False,False
412570,0.0,55.42,False,False
412622,0.0,55.74,False,False
412675,0.0,55.42,False,False
412727,0.0,55.74,False,False
412779,0.0,55.74,False,False
412831,0.0,55.74,False,False
412883,0.0,55.74,False,False
412936,0.0,55.42,False,False
412988,0.0,55.42,False,False
413040,0.0,55.42,False,False
413093,0.0,55.42,False,False
413146,0.0,55.42,False,False
413198,0.0,55.42,False,False
413250,0.0,55.42,False,False
413302,0.0,55.42,False,False
413355,0.0,55.42,False,False
413407,0.0,55.42,False,False
413459,0.0,55.42,False,False
413511,0.0,55.42,False,False
413563,0.0,55.42,False,False
413616,0.0,55.42,False,False
413668,0.0,55.42,False,False
413720,0.0,55.42,False,False
413772,0.0,55.42,False,False
413825,0.0,55.42,False,False
413877,0.0,55.42,False,False
413929,0.0,55.42,False,False
413981,0.0,55.42,False,False
414033,0.0,55.42,False,False
414086,0.0,55.42,False,False
414138,0.0,55.42,False,False
414190,0.0,55.42,False,False
414242,0.0,55.42,False,False
414295,0.0,55.42,False,False
414347,0.0,55.42,False,False
414399,0.0,55.42,False,False
414451,0.0,55.42,False,False
414503,0.0,55.42,False,False
414556,0.0,55.42,False,False
414608,0.0,55.42,False,False
414660,0.0,55.42,False,False
414712,0.0,55.42,False,False
414765,0.0,55.42,False,False
414817,0.0,55.42,False,False
414869,0.0,55.42,False,False
414921,0.0,55.42,False,False
414973,0.0,55.42,False,False
415026,0.0,55.42,False,False
415078,0.0,55.42,False,False
415130,0.0,55.42,False,False
415182,0.0,55.42,False,False
415235,0.0,55.42,False,False
415287,0.0,55.42,False,False
415339,0.0,55.42,False,False
415391,0.0,55.42,False,False
415443,0.0,55.42,False,False
415496,0.0,55.1,False,False
415548,0.0,55.1,False,False
415600,0.0,55.42,False,False
415652,0.0,55.42,False,False
415705,0.0,55.42,False,False
415757,0.0,55.42,False,False
415809,0.0,55.42,False,False
415861,0.0,55.42,False,False
415913,0.0,55.42,False,False
415966,0.0,55.42,False,False
416018,0.0,55.1,False,False
416070,0.0,55.42,False,False
416122,0.0,55.1,False,False
416175,0.0,55.1,False,False
416227,0.0,55.1,False,False
416279,0.0,55.1,False,False
416331,0.0,55.1,False,False
416384,0.0,55.1,False,False
416436,0.0,55.1,False,False
416488,0.0,55.1,False,False
416540,0.0,55.1,False,False
416592,0.0,55.1,False,False
416645,0.0,55.1,False,False
416697,0.0,55.1,False,False
416749,0.0,55.1,False,False
416801,0.0,55.1,False,False
416854,0.0,55.1,False,False
416906,0.0,55.1,False,False
416958,0.0,55.1,False,False
417010,0.0,55.1,False,False
417062,0.0,55.1,False,False
417115,0.0,55.1,False,False
417167,0.0,55.1,False,False
417219,0.0,55.1,False,False
417271,0.0,55.1,False,False
417324,0.0,55.1,False,False
417376,0.0,55.1,False,False
417428,0.0,55.1,False,False
417480,0.0,54.78,False,False
417532,0.0,54.78,False,False
417585,0.0,55.1,False,False
417637,0.0,55.1,False,False
417689,0.0,55.1,False,False
417741,0.0,55.1,False,False
417794,0.0,55.1,False,False
417846,0.0,55.1,False,False
417898,0.0,55.1,False,False
417950,0.0,55.1,False,False
418002,0.0,55.1,True,False
418055,0.0,55.1,True,False
418107,0.0,55.1,True,False
418159,0.0,55.1,True,False
418211,0.0,55.1,True,False
418264,0.0,55.1,True,False
418316,0.0,55.1,True,False
418368,0.0,55.1,True,False
418420,0.0,55.1,True,False
418472,0.0,55.1,True,False
418525,0.0,55.1,True,False
418577,0.0,55.1,True,False
418629,0.0,55.1,True,False
418681,0.0,55.1,True,False
418734,0.0,55.1,True,False
418786,0.0,55.1,True,False
418838,0.0,55.1,True,False
418890,0.0,55.1,True,False
418942,0.0,55.1,True,False
418995,0.0,55.1,True,False
419047,0.0,55.1,True,False
419099,0.0,55.1,True,False
419151,0.0,55.1,True,False
419204,0.0,55.1,True,False
419256,0.0,55.1,True,False
419308,0.0,55.1,True,False
419360,0.0,55.1,True,False
419412,0.0,55.1,True,False
419465,0.0,55.1,True,False
419517,0.0,55.1,True,False
419569,0.0,55.1,True,False
419621,0.0,55.1,True,False
419674,0.0,55.1,True,False
419726,0.0,55.1,False,False
419778,0.0,55.1,False,False
419830,0.0,55.1,False,False
419883,0.0,55.1,False,False
419935,0.0,55.1,False,False
419987,0.0,55.1,False,False
420039,0.0,55.1,False,False
420091,0.0,55.1,False,False
420144,0.0,55.1,False,False
420196,0.0,55.1,False,False
420248,0.0,55.1,False,False
420300,0.0,55.1,False,False
420353,0.0,55.1,False,False
420405,0.0,55.1,False,False
420457,0.0,55.1,False,False
420509,0.0,55.1,False,False
420561,0.0,55.1,False,False
420614,0.0,55.1,True,False
420666,0.0,55.1,True,False
420718,0.0,55.1,True,False
420770,0.0,55.1,True,False
420823,0.0,55.1,True,False
420875,0.0,55.1,True,False
420927,0.0,55.1,True,False
420979,0.0,55.1,True,False
421031,0.0,55.1,True,False
421084,0.0,55.1,True,False
421136,0.0,55.1,True,False
421188,0.0,55.1,True,False
421240,0.0,55.1,True,False
421293,0.0,55.1,True,False
421345,0.0,55.1,True,False
421397,0.0,55.1,True,False
421449,0.0,55.1,True,False
421501,0.0,55.1,True,False
421554,0.0,55.1,True,False
421606,0.0,55.1,True,False
421658,0.0,55.1,True,False
421710,0.0,55.1,True,False
421763,0.0,55.1,True,False
421815,0.0,55.1,False,False
421867,0.0,55.1,False,False
421919,0.0,55.1,False,False
421971,0.0,55.1,False,False
422024,0.0,55.1,False,False
422076,0.0,55.1,False,False
422128,0.0,55.1,False,False
422180,0.0,55.1,False,False
422233,0.0,55.1,False,False
422285,0.0,55.1,False,False
422337,0.0,55.1,False,False
422389,0.0,55.1,False,False
422441,0.0,55.1,False,False
422494,0.0,55.1,False,False
422546,0.0,55.1,True,False
422598,0.0,55.1,True,False
422650,0.0,55.1,True,False
422703,0.0,55.1,True,False
422755,0.0,55.1,True,False
422807,0.0,55.1,True,False
422859,0.0,55.1,True,False
422912,0.0,55.1,True,False
422964,0.0,55.1,True,False
423016,0.0,55.1,True,False
423068,0.0,55.1,True,False
423120,0.0,55.1,True,False
423173,0.0,55.1,True,False
423225,0.0,55.1,True,False
423277,0.0,55.1,True,False
423329,0.0,55.1,True,False
423382,0.0,55.1,True,False
423434,0.0,55.1,True,False
423486,0.0,55.1,True,False
423538,0.0,55.1,False,False
423590,0.0,55.1,False,False
423643,0.0,55.1,False,False
423695,0.0,55.1,False,False
423747,0.0,55.1,False,False
423799,0.0,55.1,False,False
423852,0.0,55.1,False,False
423904,0.0,55.1,False,False
423956,0.0,55.1,False,False
424008,0.0,55.1,False,False
424060,0.0,55.1,False,False
424113,0.0,55.1,False,False
424165,0.0,55.1,False,False
424217,0.0,55.1,False,False
424269,0.0,55.1,False,False
424322,0.0,55.1,False,False
424374,0.0,55.1,False,False
424426,0.0,55.1,False,False
424478,0.0,55.1,False,False
424530,0.0,55.1,False,False
424583,0.0,55.1,False,False
424635,0.0,55.1,False,False
424687,0.0,55.1,False,False
424739,0.0,55.42,False,False
424792,0.0,55.42,False,False
424844,0.0,55.42,False,False
424896,0.0,55.42,True,False
424948,0.0,55.42,True,False
425000,0.0,55.42,True,False
425053,0.0,55.42,True,False
425105,0.0,55.42,True,False
425157,0.0,55.42,True,False
425209,0.0,55.42,True,False
425262,0.0,55.42,True,False
425314,0.0,55.42,True,False
425366,0.0,55.42,True,False
425418,0.0,55.42,True,False
425470,0.0,55.42,True,False
425523,0.0,55.42,True,False
425575,0.0,55.42,True,False
425627,0.0,55.42,True,False
425679,0.0,55.42,True,False
425732,0.0,55.42,False,False
425784,0.0,55.42,False,False
425836,0.0,55.42,False,False
425888,0.0,55.42,False,False
425940,0.0,55.42,False,False
425993,0.0,55.42,False,False
426045,0.0,55.42,False,False
426097,0.0,55.42,False,False
426149,0.0,55.42,False,False
426202,0.0,55.42,False,False
426254,0.0,55.42,False,False
426306,0.0,55.42,False,False
426358,0.0,55.42,False,False
426411,0.0,55.42,False,False
426463,0.0,55.42,False,False
426515,0.0,55.42,False,False
426567,0.0,55.42,False,False
426619,0.0,55.42,False,False
426672,0.0,55.42,False,False
426724,0.0,55.42,False,False
426776,0.0,55.42,False,False
426828,0.0,55.42,False,False
426881,0.0,55.42,True,False
426933,0.0,55.42,True,False
426985,0.0,55.42,True,False
427037,0.0,55.42,True,False
427089,0.0,55.42,False,False
427142,0.0,55.42,False,False
427194,0.0,55.42,False,False
427246,0.0,55.42,False,False
427298,0.0,55.42,False,False
427351,0.0,55.42,False,False
427403,0.0,55.42,False,False
427455,0.0,55.42,False,False
427507,0.0,55.42,False,False
427559,0.0,55.42,False,False
427612,0.0,55.42,False,False
427664,0.0,55.42,True,False
427716,0.0,55.42,True,False
427768,0.0,55.42,True,False
427821,0.0,55.42,True,False
427873,0.0,55.42,True,False
427925,0.0,55.42,True,False
427977,0.0,55.42,True,False
428029,0.0,55.42,True,False
428082,0.0,55.42,True,False
428134,0.0,55.42,True,False
428186,0.0,55.42,True,False
428238,0.0,55.42,True,False
428291,0.0,55.42,True,False
428343,0.0,55.42,True,False
428395,0.0,55.42,True,False
428447,0.0,55.42,True,False
428499,0.0,55.42,True,False
428552,0.0,55.42,True,False
428604,0.0,55.42,True,False
428656,0.0,55.42,True,False
428708,0.0,55.42,True,False
428761,0.0,55.42,True,False
428813,0.0,55.42,True,False
428866,0.0,55.42,True,False
428918,0.0,55.42,True,False
428971,0.0,55.42,True,False
429023,0.0,55.42,True,False
429075,0.0,55.42,True,False
429127,0.0,55.42,True,False
429179,0.0,55.42,True,False
429232,0.0,55.42,True,False
429284,0.0,55.42,True,False
429336,0.0,55.42,True,False
429388,0.0,55.42,True,False
429441,0.0,55.42,True,False
429493,0.0,55.42,True,False
429545,0.0,55.42,True,False
429597,0.0,55.42,True,False
429649,0.0,55.42,True,False
429702,0.0,55.42,True,False
429754,0.0,55.42,True,False
429806,0.0,55.42,True,False
429858,0.0,55.42,True,False
429911,0.0,55.42,True,False
429963,0.0,55.42,True,False
430015,0.0,55.42,True,False
430067,0.0,55.42,True,False
430119,0.0,55.42,True,False
430172,0.0,55.42,True,False
430224,0.0,55.42,True,False
430276,0.0,55.42,True,False
430328,0.0,55.42,True,False
430381,0.0,55.42,True,False
430433,0.0,55.42,True,False
430485,0.0,55.42,True,False
430537,0.0,55.42,True,False
430589,0.0,55.42,True,False
430642,0.0,55.42,True,False
430694,0.0,55.42,True,False
430746,0.0,55.42,True,False
430798,0.0,55.42,True,False
430851,0.0,55.42,True,False
430903,0.0,55.42,True,False
430955,0.0,55.42,True,False
431007,0.0,55.42,True,False
431059,0.0,55.42,True,False
431112,0.0,55.42,True,False
431164,0.0,55.42,True,False
431216,0.0,55.42,True,False
431268,0.0,55.42,True,False
431321,0.0,55.42,True,False
431373,0.0,55.42,True,False
431425,0.0,55.42,True,False
431477,0.0,55.42,True,False
431529,0.0,55.42,True,False
431582,0.0,55.42,True,False
431634,0.0,55.42,True,False
431686,0.0,55.42,True,False
431738,0.0,55.42,True,False
431791,0.0,55.42,True,False
431843,0.0,55.42,True,False
431895,0.0,55.42,True,False
431947,0.0,55.42,True,False
432000,0.0,55.42,True,False
432052,0.0,55.42,True,False
432104,0.0,55.42,True,False
432156,0.0,55.42,True,False
432208,0.0,55.42,True,False
432261,0.0,55.42,True,False
432313,0.0,55.42,True,False
432365,0.0,55.42,True,False
432417,0.0,55.42,True,False
432470,0.0,55.42,True,False
432522,0.0,55.42,True,False
432574,0.0,55.42,True,False
432626,0.0,55.42,True,False
432678,0.0,55.42,True,False
432731,0.0,55.42,True,False
432783,0.0,55.42,True,False
432835,0.0,55.42,True,False
432887,0.0,55.42,True,False
432940,0.0,55.42,True,False
432992,0.0,55.42,True,False
433044,0.0,55.42,True,False
433096,0.0,55.42,True,False
433148,0.0,55.42,True,False
433201,0.0,55.42,True,False
433253,0.0,55.42,True,False
433305,0.0,55.42,True,False
433357,0.0,55.42,True,False
433410,0.0,55.42,True,False
433462,0.0,55.42,True,False
433514,0.0,55.42,True,False
433566,0.0,55.42,True,False
433618,0.0,55.42,True,False
433671,0.0,55.42,True,False
433723,0.0,55.42,True,False
433775,0.0,55.42,True,False
433827,0.0,55.42,True,False
433880,0.0,55.42,True,False
433932,0.0,55.42,True,False
433984,0.0,55.42,True,False
434036,0.0,55.42,True,False
434088,0.0,55.42,True,False
434141,0.0,55.42,True,False
434193,0.0,55.42,True,False
434245,0.0,55.42,True,False
434297,0.0,55.42,True,False
434350,0.0,55.42,True,False
434402,0.0,55.42,True,False
434454,0.0,55.42,True,False
434506,0.0,55.42,True,False
434558,0.0,55.42,True,False
434611,0.0,55.42,True,False
434663,0.0,55.42,True,False
434715,0.0,55.42,True,False
434767,0.0,55.42,True,False
434820,0.0,55.42,True,False
434872,0.0,55.42,True,False
434924,0.0,55.42,True,False
434976,0.0,55.42,True,False
435028,0.0,55.42,True,False
435081,0.0,55.42,True,False
435133,0.0,55.42,True,False
435185,0.0,55.42,True,False
435237,0.0,55.42,True,False
435290,0.0,55.42,True,False
435342,0.0,55.42,True,False
435394,0.0,55.42,True,False
435446,0.0,55.42,True,False
435500,0.0,55.42,True,False
435552,0.0,55.42,True,False
435604,0.0,55.42,True,False
435656,0.0,55.42,True,False
435708,0.0,55.42,True,False
435761,0.0,55.42,True,False
435813,0.0,55.42,True,False
435865,0.0,55.42,True,False
435917,0.0,55.42,True,False
435970,0.0,55.42,True,False
436022,0.0,55.42,True,False
436074,0.0,55.42,True,False
436126,0.0,55.42,True,False
436178,0.0,55.42,True,False
436231,0.0,55.42,True,False
436283,0.0,55.42,True,False
436335,0.0,55.42,True,False
436387,0.0,55.42,True,False
436440,0.0,55.42,True,False
436492,0.0,55.42,True,False
436544,0.0,55.42,True,False
436596,0.0,55.42,True,False
436648,0.0,55.42,True,False
436701,0.0,55.42,True,False
436753,0.0,55.42,True,False
436805,0.0,55.42,True,False
436857,0.0,55.42,True,False
436910,0.0,55.42,True,False
436962,0.0,55.42,True,False
437014,0.0,55.42,True,False
437066,0.0,55.42,True,False
437118,0.0,55.42,True,False
437171,0.0,55.42,True,False
437223,0.0,55.42,True,False
437275,0.0,55.42,True,False
437327,0.0,55.42,True,False
437380,0.0,55.42,True,False
437432,0.0,55.42,True,False
437484,0.0,55.42,True,False
437536,0.0,55.42,True,False
437588,0.0,55.42,True,False
437641,0.0,55.42,True,False
437693,0.0,55.42,True,False
437745,0.0,55.42,True,False
437797,0.0,55.42,True,False
437850,0.0,55.42,True,False
437902,0.0,55.42,True,False
437954,0.0,55.42,True,False
438006,0.0,55.42,True,False
438059,0.0,55.42,True,False
438111,0.0,55.42,True,False
438163,0.0,55.42,True,False
438215,0.0,55.42,True,False
438267,0.0,55.42,True,False
438320,0.0,55.42,True,False
438372,0.0,55.42,True,False
438424,0.0,55.42,True,False
438476,0.0,55.42,True,False
438529,0.0,55.42,True,False
438581,0.0,55.42,True,False
438633,0.0,55.42,True,False
438685,0.0,55.42,True,False
438737,0.0,55.42,True,False
438790,0.0,55.42,True,False
438842,0.0,55.42,True,False
438894,0.0,55.42,True,False
438946,0.0,55.42,True,False
438999,0.0,55.42,True,False
439051,0.0,55.42,True,False
439103,0.0,55.42,True,False
439155,0.0,55.42,True,False
439207,0.0,55.42,True,False
439260,0.0,55.42,True,False
439312,0.0,55.42,True,False
439364,0.0,55.42,True,False
439416,0.0,55.42,True,False
439469,0.0,55.42,True,False
439521,0.0,55.42,True,False
439573,0.0,55.42,True,False
439625,0.0,55.42,True,False
439677,0.0,55.42,True,False
439730,0.0,55.42,True,False
439782,0.0,55.42,True,False
439834,0.0,55.42,True,False
439886,0.0,55.42,True,False
439939,0.0,55.42,True,False
439991,0.0,55.42,True,False
440043,0.0,55.42,True,False
440095,0.0,55.42,True,False
440147,0.0,55.42,True,False
440200,0.0,55.42,True,False
440252,0.0,55.42,True,False
440304,0.0,55.42,True,False
440356,0.0,55.42,True,False
440409,0.0,55.42,True,False
440461,0.0,55.42,True,False
440513,0.0,55.42,True,False
440565,0.0,55.42,True,False
440617,0.0,55.42,True,False
440670,0.0,55.42,True,False
440722,0.0,55.42,True,False
440774,0.0,55.42,True,False
440826,0.0,55.42,True,False
440879,0.0,55.42,True,False
440931,0.0,55.42,True,False
440983,0.0,55.42,True,False
441035,0.0,55.42,True,False
441088,0.0,55.42,True,False
441140,0.0,55.42,True,False
441192,0.0,55.42,True,False
441244,0.0,55.42,True,False
441296,0.0,55.42,True,False
441349,0.0,55.42,True,False
441401,0.0,55.42,True,False
441453,0.0,55.42,True,False
441505,0.0,55.42,True,False
441558,0.0,55.42,True,False
441610,0.0,55.42,True,False
441662,0.0,55.42,True,False
441714,0.0,55.42,True,False
441766,0.0,55.42,True,False
441820,0.0,55.42,True,False
441872,0.0,55.42,True,False
441924,0.0,55.42,True,False
441976,0.0,55.42,True,False
442029,0.0,55.42,True,False
442081,0.0,55.42,True,False
442133,0.0,55.42,True,False
442185,0.0,55.42,True,False
442237,0.0,55.42,True,False
442290,0.0,55.42,True,False
442342,0.0,55.42,True,False
442394,0.0,55.42,True,False
442446,0.0,55.42,True,False
442499,0.0,55.42,True,False
442551,0.0,55.42,True,False
442603,0.0,55.42,True,False
442655,0.0,55.42,True,False
442707,0.0,55.42,True,False
442760,0.0,55.42,True,False
442812,0.0,55.42,True,False
442864,0.0,55.42,True,False
442916,0.0,55.42,True,False
442969,0.0,55.42,True,False
443021,0.0,55.42,True,False
443073,0.0,55.42,True,False
443125,0.0,55.42,True,False
443177,0.0,55.42,True,False
443230,0.0,55.42,True,False
443282,0.0,55.42,True,False
443334,0.0,55.42,True,False
443386,0.0,55.42,True,False
443439,0.0,55.42,True,False
443491,0.0,55.42,True,False
443543,0.0,55.42,True,False
443595,0.0,55.42,True,False
443648,0.0,55.42,True,False
443700,0.0,55.42,True,False
443752,0.0,55.42,True,False
443804,0.0,55.42,True,False
443856,0.0,55.42,True,False
443909,0.0,55.42,True,False
443961,0.0,55.42,True,False
444013,0.0,55.42,True,False
444065,0.0,55.42,True,False
444118,0.0,55.42,True,False
444170,0.0,55.42,True,False
444222,0.0,55.42,True,False
444274,0.0,55.42,True,False
444326,0.0,55.42,True,False
444379,0.0,55.42,True,False
444431,0.0,55.42,True,False
444483,0.0,55.42,True,False
444535,0.0,55.42,True,False
444588,0.0,55.42,True,False
444640,0.0,55.42,True,False
444692,0.0,55.42,True,False
444744,0.0,55.42,True,False
444796,0.0,55.42,True,False
444849,0.0,55.42,True,False
444901,0.0,55.42,True,False
444953,0.0,55.42,True,False
445005,0.0,55.42,True,False
445058,0.0,55.42,True,False
445110,0.0,55.42,True,False
445162,0.0,55.42,True,False
445214,0.0,55.42,True,False
445266,0.0,55.42,True,False
445319,0.0,55.42,True,False
445371,0.0,55.42,True,False
445423,0.0,55.42,True,False
445475,0.0,55.42,True,False
445528,0.0,55.42,True,False
445580,0.0,55.42,True,False
445632,0.0,55.42,True,False
445684,0.0,55.42,True,False
445736,0.0,55.42,True,False
445789,0.0,55.42,True,False
445841,0.0,55.42,True,False
445893,0.0,55.42,True,False
445945,0.0,55.42,True,False
445998,0.0,55.42,True,False
446050,0.0,55.42,True,False
446102,0.0,55.42,True,False
446154,0.0,55.42,True,False
446206,0.0,55.42,True,False
446259,0.0,55.42,True,False
446311,0.0,55.42,True,False
446363,0.0,55.42,False,False
446415,0.0,55.42,False,False
446468,0.0,55.42,False,False
446520,0.0,55.42,False,False
446572,0.0,55.42,False,False
446624,0.0,55.42,False,False
446676,0.0,55.42,False,False
446729,0.0,55.42,False,False
446781,0.0,55.42,False,False
446833,0.0,55.42,False,False
446885,0.0,55.42,False,False
446938,0.0,55.42,False,False
446990,0.0,55.42,False,False
447042,0.0,55.42,False,False
447094,0.0,55.42,True,False
447147,0.0,55.74,True,False
447199,0.0,55.74,True,False
447251,0.0,55.42,True,False
447303,0.0,55.42,True,False
447355,0.0,55.74,True,False
447408,0.0,55.74,True,False
447460,0.0,55.42,True,False
447512,0.0,55.42,True,False
447564,0.0,55.74,True,False
447617,0.0,55.42,True,False
447669,0.0,55.74,True,False
447721,0.0,55.74,True,False
447774,0.0,55.74,True,False
447826,0.0,55.74,True,False
447879,0.0,55.74,True,False
447931,0.0,55.74,True,False
447983,0.0,55.74,True,False
448035,0.0,55.74,True,False
448088,0.0,55.74,True,False
448140,0.0,55.74,True,False
448192,0.0,55.74,True,False
448244,0.0,55.74,True,False
448296,0.0,55.74,True,False
448349,0.0,55.74,True,False
448401,0.0,55.74,True,False
448453,0.0,55.74,True,False
448505,0.0,55.74,False,False
448558,0.0,55.74,False,False
448610,0.0,55.74,False,False
448662,0.0,55.74,False,False
448714,0.0,55.74,False,False
448766,0.0,55.74,False,False
448819,0.0,55.74,False,False
448871,0.0,55.74,False,False
448923,0.0,55.74,False,False
448975,0.0,55.74,False,False
449028,0.0,55.74,False,False
449080,0.0,55.74,False,False
449132,0.0,55.74,False,False
449184,0.0,55.74,False,False
449236,0.0,55.74,False,False
449289,0.0,55.74,False,False
449341,0.0,55.74,False,False
449393,0.0,55.74,False,False
449445,0.0,55.74,False,False
449498,0.0,55.74,False,False
449550,0.0,55.74,False,False
449602,0.0,55.74,False,False
449654,0.0,55.74,True,False
449707,0.0,55.74,True,False
449759,0.0,55.74,True,False
449811,0.0,55.74,True,False
449863,0.0,55.74,True,False
449915,0.0,55.74,True,False
449968,0.0,55.74,True,False
450020,0.0,55.74,True,False
450072,0.0,55.74,True,False
450124,0.0,55.74,True,False
450177,0.0,55.74,True,False
450229,0.0,55.74,True,False
450281,0.0,55.74,True,False
450333,0.0,55.74,True,False
450385,0.0,55.74,True,False
450438,0.0,55.74,True,False
450490,0.0,55.74,True,False
450542,0.0,55.74,True,False
450594,0.0,55.74,True,False
450647,0.0,55.74,True,False
450699,0.0,55.74,True,False
450751,0.0,55.74,True,False
450803,0.0,55.74,True,False
450855,0.0,55.74,True,False
450908,0.0,55.74,True,False
450960,0.0,55.74,True,False
451012,0.0,55.74,True,False
451064,0.0,55.74,True,False
451117,0.0,55.74,True,False
451169,0.0,55.74,True,False
451221,0.0,55.74,True,False
451273,0.0,55.74,True,False
451325,0.0,55.74,True,False
451378,0.0,55.74,True,False
451431,0.0,55.74,True,False
451483,0.0,55.74,True,False
451535,0.0,55.74,True,False
451588,0.0,55.74,True,False
451640,0.0,55.74,True,False
451692,0.0,55.74,True,False
451744,0.0,55.74,True,False
451796,0.0,55.74,True,False
451849,0.0,55.74,True,False
451901,0.0,55.74,True,False
451953,0.0,55.74,True,False
452005,0.0,55.74,True,False
452058,0.0,55.74,True,False
452110,0.0,55.74,True,False
452162,0.0,55.74,True,False
452214,0.0,55.74,True,False
452267,0.0,55.74,True,False
452319,0.0,55.74,True,False
452371,0.0,55.74,True,False
452423,0.0,55.74,True,False
452475,0.0,55.74,True,False
452528,0.0,55.42,True,False
452580,0.0,55.74,True,False
452632,0.0,55.74,True,False
452684,0.0,55.74,True,False
452737,0.0,55.42,True,False
452789,0.0,55.42,True,False
452841,0.0,55.42,True,False
452893,0.0,55.42,True,False
452945,0.0,55.42,True,False
452998,0.0,55.42,True,False
453050,0.0,55.42,True,False
453102,0.0,55.42,True,False
453154,0.0,55.42,True,False
453207,0.0,55.42,True,False
453259,0.0,55.42,True,False
453311,0.0,55.42,True,False
453363,0.0,55.42,True,False
453415,0.0,55.42,True,False
453468,0.0,55.42,True,False
453520,0.0,55.42,True,False
453572,0.0,55.42,True,False
453624,0.0,55.42,True,False
453677,0.0,55.42,True,False
453729,0.0,55.42,True,False
453781,0.0,55.42,True,False
453833,0.0,55.42,True,False
453885,0.0,55.42,True,False
453938,0.0,55.42,True,False
453990,0.0,55.42,True,False
454042,0.0,55.74,True,False
454094,0.0,55.42,True,False
454147,0.0,55.42,True,False
454199,0.0,55.42,True,False
454251,0.0,55.42,True,False
454303,0.0,55.42,True,False
454355,0.0,55.42,True,False
454408,0.0,55.42,True,False
454460,0.0,55.42,True,False
454512,0.0,55.42,True,False
454564,0.0,55.42,True,False
454617,0.0,55.42,True,False
454669,0.0,55.42,True,False
454721,0.0,55.42,True,False
454773,0.0,55.42,True,False
454825,0.0,55.42,True,False
454878,0.0,55.42,True,False
454930,0.0,55.74,True,False
454982,0.0,55.42,True,False
455034,0.0,55.42,True,False
455087,0.0,55.42,True,False
455139,0.0,55.42,True,False
455191,0.0,55.42,True,False
455243,0.0,55.42,True,False
455296,0.0,55.42,True,False
455348,0.0,55.42,True,False
455400,0.0,55.42,True,False
455452,0.0,55.42,True,False
455504,0.0,55.42,True,False
455557,0.0,55.42,True,False
455609,0.0,55.74,True,False
455661,0.0,55.74,True,False
455713,0.0,55.42,True,False
455766,0.0,55.42,True,False
455818,0.0,55.42,True,False
455870,0.0,55.42,True,False
455922,0.0,55.42,True,False
455974,0.0,55.74,True,False
456027,0.0,55.74,True,False
456079,0.0,55.74,True,False
456131,0.0,55.42,True,False
456183,0.0,55.74,True,False
456236,0.0,55.74,True,False
456289,0.0,55.74,True,False
456341,0.0,55.74,True,False
456393,0.0,55.74,True,False
456445,0.0,55.74,True,False
456498,0.0,55.74,True,False
456550,0.0,55.74,True,False
456602,0.0,55.74,True,False
456654,0.0,55.74,True,False
456707,0.0,55.74,True,False
456759,0.0,55.74,True,False
456811,0.0,55.74,True,False
456863,0.0,55.74,True,False
456915,0.0,55.74,True,False
456968,0.0,55.74,True,False
457020,0.0,55.74,True,False
457072,0.0,55.74,True,False
457124,0.0,55.74,True,False
457177,0.0,55.74,True,False
457229,0.0,55.74,True,False
457281,0.0,55.74,True,False
457333,0.0,55.74,True,False
457385,0.0,55.74,True,False
457438,0.0,55.74,True,False
457490,0.0,55.74,True,False
457542,0.0,55.74,True,False
457594,0.0,55.74,True,False
457647,0.0,55.74,True,False
457699,0.0,55.74,True,False
457751,0.0,55.74,True,False
457803,0.0,55.74,True,False
457856,0.0,55.74,True,False
457908,0.0,55.74,True,False
457960,0.0,55.74,True,False
458012,0.0,55.74,True,False
458064,0.0,55.74,True,False
458117,0.0,55.74,True,False
458169,0.0,55.74,True,False
458221,0.0,55.74,True,False
458273,0.0,55.74,True,False
458326,0.0,55.74,True,False
458378,0.0,55.74,True,False
458430,0.0,55.74,True,False
458482,0.0,55.74,True,False
458534,0.0,55.74,True,False
458587,0.0,55.74,True,False
458639,0.0,55.74,True,False
458691,0.0,55.74,True,False
458743,0.0,55.74,True,False
458796,0.0,55.74,True,False
458848,0.0,55.74,True,False
458900,0.0,55.74,True,False
458952,0.0,55.74,True,False
459004,0.0,55.74,True,False
459057,0.0,55.74,True,False
459109,0.0,55.74,True,False
459161,0.0,55.74,True,False
459213,0.0,55.74,True,False
459266,0.0,55.74,True,False
459318,0.0,55.74,True,False
459370,0.0,55.74,True,False
459422,0.0,55.74,True,False
459474,0.0,55.74,True,False
459527,0.0,55.74,True,False
459579,0.0,55.74,True,False
459631,0.0,55.74,True,False
459684,0.0,55.74,True,False
459737,0.0,55.74,True,False
459789,0.0,55.74,True,False
459841,0.0,55.74,True,False
459893,0.0,55.74,True,False
459945,0.0,55.74,True,False
459998,0.0,55.74,True,False
460050,0.0,55.74,True,False
460102,0.0,55.74,True,False
460154,0.0,55.74,True,False
460207,0.0,55.74,True,False
460259,0.0,55.74,True,False
460311,0.0,55.74,True,False
460363,0.0,55.74,True,False
460416,0.0,55.74,True,False
460468,0.0,55.74,True,False
460520,0.0,55.74,True,False
460572,0.0,55.74,True,False
460624,0.0,55.74,True,False
460677,0.0,55.74,True,False
460729,0.0,55.74,True,False
460781,0.0,55.74,True,False
460833,0.0,55.74,True,False
460886,0.0,55.74,True,False
460938,0.0,55.74,True,False
460990,0.0,55.74,True,False
461042,0.0,55.74,True,False
461094,0.0,55.74,True,False
461147,0.0,55.74,True,False
461199,0.0,55.74,True,False
461251,0.0,55.74,True,False
461303,0.0,55.74,True,False
461356,0.0,55.74,True,False
461408,0.0,55.74,True,False
461460,0.0,55.74,True,False
461512,0.0,55.74,True,False
461564,0.0,55.74,True,False
461617,0.0,55.74,True,False
461669,0.0,55.74,True,False
461721,0.0,55.42,False,False
461773,0.0,55.42,False,False
461826,0.0,55.42,False,False
461878,0.0,55.42,False,False
461930,0.0,55.42,False,False
461982,0.0,55.42,False,False
462034,0.0,55.42,False,False
462087,0.0,55.42,False,False
462139,0.0,55.42,False,False
462191,0.0,55.42,False,False
462243,0.0,55.42,False,False
462296,0.0,55.42,False,False
462348,0.0,55.42,False,False
462400,0.0,55.42,False,False
462452,0.0,55.42,False,False
462504,0.0,55.42,False,False
462557,0.0,55.42,False,False
462609,0.0,55.42,False,False
462661,0.0,55.42,False,False
462713,0.0,55.42,False,False
462766,0.0,55.42,False,False
462818,0.0,55.42,False,False
462870,0.0,55.42,True,False
462922,0.0,55.42,True,False
462974,0.0,55.42,True,False
463027,0.0,55.42,True,False
463079,0.0,55.42,True,False
463131,0.0,55.42,True,False
463183,0.0,55.42,True,False
463236,0.0,55.42,True,False
463288,0.0,55.42,True,False
463340,0.0,55.42,True,False
463392,0.0,55.42,True,False
463444,0.0,55.42,True,False
463497,0.0,55.42,False,False
463549,0.0,55.1,False,False
463601,0.0,55.1,False,False
463653,0.0,55.1,False,False
463706,0.0,55.1,False,False
463758,0.0,55.1,False,False
463810,0.0,55.1,False,False
463862,0.0,55.1,False,False
463915,0.0,55.1,False,False
463967,0.0,55.1,False,False
464019,0.0,55.1,False,False
464071,0.0,55.1,False,False
464123,0.0,55.1,False,False
464176,0.0,55.1,False,False
464228,0.0,55.1,False,False
464280,0.0,55.1,False,False
464332,0.0,55.1,False,False
464385,0.0,55.1,False,False
464437,0.0,55.1,False,False
464489,0.0,55.1,False,False
464541,0.0,55.1,False,False
464593,0.0,55.1,False,False
464646,0.0,55.1,False,False
464698,0.0,55.1,False,False
464750,0.0,55.1,False,False
464802,0.0,55.1,False,False
464855,0.0,55.1,False,False
464907,0.0,55.1,False,False
464959,0.0,55.1,False,False
465011,0.0,55.1,False,False
465063,0.0,55.1,False,False
465116,0.0,55.1,False,False
465168,0.0,55.1,False,False
465220,0.0,55.1,False,False
465272,0.0,55.1,False,False
465325,0.0,55.1,False,False
465377,0.0,55.1,False,False
465429,0.0,55.1,False,False
465481,0.0,55.1,False,False
465533,0.0,55.1,False,False
465586,0.0,55.1,False,False
465638,0.0,55.1,False,False
465690,0.0,55.1,False,False
465742,0.0,55.1,False,False
465795,0.0,55.1,False,False
465847,0.0,55.1,False,False
465899,0.0,55.1,False,False
465951,0.0,55.1,False,False
466003,0.0,55.1,False,False
466056,0.0,55.1,False,False
466108,0.0,55.1,False,False
466160,0.0,55.1,False,False
466212,0.0,55.1,False,False
466265,0.0,55.1,False,False
466317,0.0,55.1,False,False
466369,0.0,55.1,False,False
466421,0.0,55.1,False,False
466473,0.0,55.1,False,False
466526,0.0,55.1,False,False
466578,0.0,55.1,False,False
466630,0.0,55.1,False,False
466682,0.0,55.1,False,False
466735,0.0,55.1,False,False
466787,0.0,55.1,False,False
466839,0.0,55.1,False,False
466891,0.0,55.1,False,False
466944,0.0,55.1,False,False
466996,0.0,55.1,False,False
467048,0.0,54.78,False,False
467100,0.0,55.1,False,False
467152,0.0,55.1,False,False
467205,0.0,55.1,False,False
467257,0.0,55.1,False,False
467309,0.0,55.1,False,False
467361,0.0,55.1,False,False
467414,0.0,55.1,False,False
467466,0.0,55.1,False,False
467518,0.0,55.1,False,False
467570,0.0,55.1,False,False
467622,0.0,55.1,False,False
467675,0.0,55.1,False,False
467727,0.0,55.1,False,False
467779,0.0,55.1,False,False
467831,0.0,55.1,False,False
467884,0.0,55.1,False,False
467936,0.0,55.1,False,False
467988,0.0,55.1,False,False
468040,0.0,55.1,False,False
468092,0.0,55.1,False,False
468145,0.0,55.1,False,False
468197,0.0,55.1,False,False
468249,0.0,55.1,False,False
468301,0.0,55.1,False,False
468354,0.0,55.1,False,False
468406,0.0,55.1,False,False
468458,0.0,55.1,False,False
468510,0.0,55.1,False,False
468562,0.0,55.1,False,False
468615,0.0,55.1,False,False
468667,0.0,55.1,False,False
468719,0.0,55.1,False,False
468771,0.0,55.1,False,False
468824,0.0,55.1,False,False
468876,0.0,55.1,False,False
468928,0.0,55.1,False,False
468980,0.0,55.1,False,False
469032,0.0,55.1,False,False
469085,0.0,55.1,False,False
469137,0.0,55.1,False,False
469189,0.0,55.1,False,False
469241,0.0,55.1,False,False
469294,0.0,55.1,False,False
469346,0.0,55.1,False,False
469398,0.0,55.1,False,False
469450,0.0,55.1,False,False
469502,0.0,55.1,False,False
469555,0.0,55.1,False,False
469607,0.0,55.1,False,False
469659,0.0,55.1,False,False
469711,0.0,55.1,False,False
469764,0.0,55.42,False,False
469816,0.0,55.1,False,False
469868,0.0,55.1,False,False
469920,0.0,55.1,False,False
469972,0.0,55.1,False,False
470025,0.0,55.1,False,False
470077,0.0,55.1,False,False
470129,0.0,55.1,False,False
470181,0.0,55.1,False,False
470234,0.0,55.1,False,False
470286,0.0,55.1,False,False
470338,0.0,55.1,False,False
470390,0.0,55.1,False,False
470443,0.0,55.1,False,False
470495,0.0,55.1,False,False
470547,0.0,55.1,False,False
470599,0.0,55.1,False,False
470651,0.0,55.1,False,False
470704,0.0,55.1,False,False
470756,0.0,55.1,False,False
470808,0.0,55.1,False,False
470860,0.0,55.1,False,False
470913,0.0,55.1,False,False
470965,0.0,55.1,False,False
471017,0.0,55.1,False,False
471069,0.0,55.1,False,False
471121,0.0,55.1,False,False
471174,0.0,55.1,False,False
471226,0.0,55.1,False,False
471278,0.0,55.1,False,False
471330,0.0,55.1,False,False
471383,0.0,55.1,False,False
471435,0.0,55.1,False,False
471487,0.0,55.1,False,False
471539,0.0,55.1,False,False
471591,0.0,55.1,False,False
471644,0.0,55.1,False,False
471696,0.0,55.1,False,False
471748,0.0,55.1,False,False
471800,0.0,55.1,False,False
471853,0.0,55.1,False,False
471905,0.0,55.1,False,False
471957,0.0,54.78,False,False
472009,0.0,54.78,False,False
472061,0.0,54.78,False,False
472114,0.0,54.78,False,False
472166,0.0,54.78,False,False
472218,0.0,54.78,False,False
472271,0.0,54.78,False,False
472324,0.0,54.78,False,False
472376,0.0,54.78,False,False
472428,0.0,54.78,False,False
472480,0.0,54.78,False,False
472532,0.0,54.78,False,False
472585,0.0,54.46,False,False
472637,0.0,54.46,False,False
472689,0.0,54.46,False,False
472741,0.0,54.46,False,False
472794,0.0,54.46,False,False
472846,0.0,54.46,False,False
472898,0.0,54.46,False,False
472950,0.0,54.46,False,False
473003,0.0,54.46,False,False
473055,0.0,54.14,False,False
473107,0.0,54.46,False,False
473159,0.0,54.14,False,False
473211,0.0,54.14,False,False
473264,0.0,54.14,False,False
473316,0.0,54.14,False,False
473368,0.0,54.14,False,False
473420,0.0,54.14,False,False
473473,0.0,54.14,False,False
473525,0.0,54.14,False,False
473577,0.0,54.14,False,False
473629,0.0,54.14,False,False
473681,0.0,53.82,False,False
473734,0.0,54.14,False,False
473786,0.0,53.82,False,False
473838,0.0,53.82,False,False
473890,0.0,53.82,False,False
473943,0.0,53.82,False,False
473995,0.0,53.82,False,False
474047,0.0,53.82,False,False
474099,0.0,53.5,False,False
474151,0.0,53.82,False,False
474204,0.0,53.5,False,False
474256,0.0,53.82,False,False
474308,0.0,53.82,False,False
474360,0.0,53.5,False,False
474413,0.0,53.82,False,False
474465,0.0,53.5,False,False
474517,0.0,53.5,False,False
474569,0.0,53.5,False,False
474621,0.0,53.5,False,False
474674,0.0,53.5,False,False
474726,0.0,53.5,False,False
474778,0.0,53.5,False,False
474830,0.0,53.5,False,False
474883,0.0,53.5,False,False
474935,0.0,53.5,False,False
474987,0.0,53.5,False,False
475039,0.0,53.5,False,False
475091,0.0,53.5,False,False
475144,0.0,53.5,False,False
475196,0.0,53.5,False,False
475248,0.0,53.5,False,False
475300,0.0,53.5,False,False
475353,0.0,53.5,False,False
475405,0.0,53.5,False,False
475457,0.0,53.5,False,False
475509,0.0,53.5,False,False
475561,0.0,53.5,False,False
475614,0.0,53.5,False,False
475666,0.0,53.5,False,False
475718,0.0,53.5,False,False
475770,0.0,53.5,False,False
475823,0.0,53.5,False,False
475875,0.0,53.5,False,False
475927,0.0,53.5,False,False
475979,0.0,53.5,False,False
476032,0.0,53.5,False,False
476084,0.0,53.5,False,False
476136,0.0,53.5,False,False
476188,0.0,53.5,False,False
476240,0.0,53.5,False,False
476293,0.0,53.5,False,False
476345,0.0,53.5,False,False
476397,0.0,53.5,False,False
476449,0.0,53.5,False,False
476502,0.0,53.5,False,False
476554,0.0,53.5,False,False
476606,0.0,53.5,False,False
476658,0.0,53.18,False,False
476710,0.0,53.5,False,False
476763,0.0,53.5,False,False
476815,0.0,53.5,False,False
476867,0.0,53.5,False,False
476919,0.0,53.5,False,False
476972,0.0,53.5,False,False
477024,0.0,53.5,False,False
477076,0.0,53.5,False,False
477128,0.0,53.5,False,False
477180,0.0,53.5,False,False
477233,0.0,53.5,False,False
477285,0.0,53.5,False,False
477337,0.0,53.5,False,False
477389,0.0,53.5,False,False
477442,0.0,53.5,False,False
477494,0.0,53.5,False,False
477546,0.0,53.5,False,False
477598,0.0,53.5,False,False
477650,0.0,53.5,False,False
477703,0.0,53.5,False,False
477755,0.0,53.5,False,False
477807,0.0,53.5,False,False
477859,0.0,53.5,False,False
477912,0.0,53.5,False,False
477964,0.0,53.5,False,False
478016,0.0,53.5,False,False
478068,0.0,53.5,False,False
478120,0.0,53.5,False,False
478173,0.0,53.5,False,False
478225,0.0,53.5,False,False
478277,0.0,53.5,False,False
478329,0.0,53.5,False,False
478382,0.0,53.82,False,False
478434,0.0,53.82,False,False
478486,0.0,53.82,False,False
478538,0.0,53.5,False,False
478590,0.0,53.82,False,False
478643,0.0,53.82,False,False
478695,0.0,53.82,False,False
478747,0.0,53.82,False,False
478799,0.0,53.82,False,False
478852,0.0,53.82,False,False
478904,0.0,53.82,False,False
478956,0.0,53.82,False,False
479008,0.0,53.82,False,False
479060,0.0,53.82,False,False
479113,0.0,53.82,False,False
479165,0.0,53.82,False,False
479217,0.0,53.82,False,False
479269,0.0,53.82,False,False
479322,0.0,53.82,False,False
479374,0.0,53.82,False,False
479426,0.0,53.82,False,False
479478,0.0,53.82,False,False
479531,0.0,53.82,False,False
479583,0.0,53.82,False,False
479635,0.0,53.82,False,False
479687,0.0,53.82,False,False
479739,0.0,53.82,False,False
479792,0.0,53.82,False,False
479844,0.0,53.82,False,False
479896,0.0,53.82,False,False
479948,0.0,53.82,False,False
480001,0.0,53.82,False,False
480053,0.0,53.82,False,False
480105,0.0,53.82,False,False
480157,0.0,53.82,False,False
480209,0.0,53.82,False,False
480262,0.0,53.82,False,False
480314,0.0,53.82,False,False
480366,0.0,53.82,False,False
480418,0.0,53.82,False,False
480471,0.0,53.82,False,False
480523,0.0,53.82,False,False
480575,0.0,53.82,False,False
480627,0.0,53.82,False,False
480679,0.0,53.82,False,False
480732,0.0,53.82,False,False
480784,0.0,53.82,False,False
480836,0.0,53.82,False,False
480888,0.0,53.82,False,False
480942,0.0,53.82,False,False
480994,0.0,53.82,False,False
481046,0.0,53.82,False,False
481098,0.0,53.82,False,False
481150,0.0,54.14,False,False
481203,0.0,53.82,False,False
481255,0.0,53.82,False,False
481307,0.0,54.14,False,False
481359,0.0,54.14,False,False
481412,0.0,54.14,False,False
481464,0.0,54.14,False,False
481516,0.0,54.14,False,False
481568,0.0,54.14,False,False
481620,0.0,54.14,False,False
481673,0.0,54.14,False,False
481725,0.0,54.14,False,False
481777,0.0,54.14,False,False
481829,0.0,54.14,False,False
481882,0.0,54.14,False,False
481934,0.0,54.14,False,False
481986,0.0,54.14,False,False
482038,0.0,54.14,False,False
482091,0.0,54.14,False,False
482143,0.0,54.14,False,False
482195,0.0,54.46,False,False
482247,0.0,54.46,False,False
482299,0.0,54.46,False,False
482352,0.0,54.46,False,False
482404,0.0,54.46,False,False
482456,0.0,54.46,False,False
482508,0.0,54.46,False,False
482561,0.0,54.46,False,False
482613,0.0,54.46,False,False
482665,0.0,54.46,False,False
482717,0.0,54.46,False,False
482769,0.0,54.46,False,False
482822,0.0,54.46,False,False
482874,0.0,54.46,False,False
482926,0.0,54.46,False,False
482978,0.0,54.46,False,False
483031,0.0,54.78,False,False
483083,0.0,54.46,False,False
483135,0.0,54.46,False,False
483187,0.0,54.46,False,False
483239,0.0,54.46,False,False
483292,0.0,54.46,False,False
483344,0.0,54.46,False,False
483396,0.0,54.46,False,False
483448,0.0,54.46,False,False
483501,0.0,54.46,False,False
483553,0.0,54.46,False,False
483605,0.0,54.46,False,False
483657,0.0,54.46,False,False
483709,0.0,54.46,False,False
483762,0.0,54.46,False,False
483814,0.0,54.46,False,False
483866,0.0,54.46,False,False
483918,0.0,54.46,False,False
483971,0.0,54.46,False,False
484023,0.0,54.46,False,False
484075,0.0,54.46,False,False
484127,0.0,54.46,False,False
484179,0.0,54.78,False,False
484232,0.0,54.46,False,False
484284,0.0,54.46,False,False
484336,0.0,54.46,False,False
484388,0.0,54.46,False,False
484441,0.0,54.46,False,False
484493,0.0,54.46,False,False
484545,0.0,54.46,False,False
484597,0.0,54.46,False,False
484649,0.0,54.46,False,False
484702,0.0,54.46,False,False
484754,0.0,54.46,False,False
484806,0.0,54.46,False,False
484858,0.0,54.46,False,False
484911,0.0,54.46,False,False
484963,0.0,54.46,False,False
485015,0.0,54.46,False,False
485067,0.0,54.46,False,False
485120,0.0,54.46,False,False
485172,0.0,54.78,False,False
485224,0.0,54.78,False,False
485276,0.0,54.46,False,False
485328,0.0,54.78,False,False
485381,0.0,54.46,False,False
485433,0.0,54.78,False,False
485485,0.0,54.78,False,False
485537,0.0,54.78,False,False
485590,0.0,54.78,False,False
485642,0.0,54.78,False,False
485694,0.0,54.78,False,False
485746,0.0,54.78,False,False
485798,0.0,54.78,False,False
485851,0.0,54.78,False,False
485903,0.0,54.78,False,False
485955,0.0,54.78,False,False
486007,0.0,54.78,False,False
486060,0.0,54.78,False,False
486112,0.0,54.78,False,False
486164,0.0,54.78,False,False
486216,0.0,54.78,False,False
486268,0.0,54.78,False,False
486321,0.0,54.78,False,False
486373,0.0,54.78,False,False
486425,0.0,54.78,False,False
486478,0.0,54.78,False,False
486531,0.0,54.78,False,False
486583,0.0,54.78,False,False
486635,0.0,54.78,False,False
486687,0.0,54.78,False,False
486739,0.0,54.78,False,False
486792,0.0,54.78,False,False
486844,0.0,54.78,False,False
486896,0.0,54.78,False,False
486948,0.0,54.78,False,False
487001,0.0,54.78,False,False
487053,0.0,54.78,False,False
487105,0.0,54.78,False,False
487157,0.0,54.78,False,False
487209,0.0,54.78,False,False
487262,0.0,54.78,False,False
487314,0.0,54.78,False,False
487366,0.0,54.78,False,False
487418,0.0,54.78,False,False
487471,0.0,54.78,False,False
487523,0.0,54.78,False,False
487575,0.0,54.78,False,False
487627,0.0,54.78,False,False
487680,0.0,54.78,False,False
487732,0.0,54.78,False,False
487784,0.0,54.78,False,False
487836,0.0,54.78,False,False
487888,0.0,54.78,False,False
487941,0.0,54.78,False,False
487993,0.0,54.78,False,False
488045,0.0,54.78,False,False
488097,0.0,54.78,False,False
488150,0.0,54.78,False,False
488202,0.0,54.78,False,False
488254,0.0,54.78,False,False
488306,0.0,54.78,False,False
488358,0.0,54.78,False,False
488411,0.0,54.78,False,False
488463,0.0,54.78,False,False
488515,0.0,54.78,False,False
488567,0.0,54.78,False,False
488620,0.0,54.78,False,False
488672,0.0,54.78,False,False
488724,0.0,54.78,False,False
488776,0.0,54.78,False,False
488828,0.0,54.78,False,False
488881,0.0,54.78,False,False
488933,0.0,54.78,False,False
488985,0.0,54.78,False,False
489037,0.0,54.78,False,False
489090,0.0,54.78,False,False
489142,0.0,54.78,False,False
489194,0.0,54.78,False,False
489246,0.0,55.1,False,False
489298,0.0,55.1,False,False
489351,0.0,55.1,False,False
489403,0.0,55.1,False,False
489455,0.0,55.1,False,False
489507,0.0,55.1,False,False
489560,0.0,55.1,False,False
489612,0.0,55.1,False,False
489664,0.0,55.1,False,False
489716,0.0,55.1,False,False
489768,0.0,55.1,False,False
489821,0.0,55.1,False,False
489873,0.0,55.1,False,False
489925,0.0,55.1,False,False
489977,0.0,55.1,False,False
490030,0.0,55.1,False,False
490082,0.0,55.1,False,False
490134,0.0,55.1,False,False
490186,0.0,55.1,False,False
490238,0.0,55.1,False,False
490291,0.0,55.1,False,False
490343,0.0,55.1,False,False
490395,0.0,55.1,False,False
490447,0.0,55.1,False,False
490500,0.0,55.1,False,False
490552,0.0,55.1,False,False
490604,0.0,55.1,False,False
490656,0.0,55.1,False,False
490708,0.0,55.1,False,False
490761,0.0,55.1,False,False
490813,0.0,55.1,False,False
490865,0.0,55.1,False,False
490917,0.0,55.1,False,False
490970,0.0,55.1,False,False
491022,0.0,55.1,False,False
491074,0.0,55.1,False,False
491126,0.0,55.1,False,False
491179,0.0,55.1,False,False
491231,0.0,55.1,False,False
491283,0.0,55.1,False,False
491335,0.0,55.1,False,False
491387,0.0,55.1,False,False
491440,0.0,55.1,False,False
491492,0.0,55.1,False,False
491544,0.0,55.1,False,False
491596,0.0,55.1,False,False
491649,0.0,55.1,False,False
491701,0.0,55.1,False,False
491753,0.0,55.1,False,False
491805,0.0,55.1,False,False
491857,0.0,55.1,False,False
491910,0.0,55.1,False,False
491962,0.0,55.1,False,False
492014,0.0,55.1,False,False
492066,0.0,55.1,False,False
492119,0.0,55.1,False,False
492171,0.0,55.1,False,False
492223,0.0,55.1,False,False
492275,0.0,55.1,False,False
492327,0.0,55.1,False,False
492380,0.0,55.1,False,False
492432,0.0,55.1,False,False
492484,0.0,55.1,False,False
492536,0.0,55.1,False,False
492589,0.0,55.1,False,False
492641,0.0,55.1,False,False
492693,0.0,55.1,False,False
492745,0.0,55.1,False,False
492797,0.0,55.1,False,False
492850,0.0,55.1,False,False
492902,0.0,55.1,False,False
492954,0.0,55.1,False,False
493006,0.0,55.1,False,False
493059,0.0,55.1,False,False
493111,0.0,55.1,False,False
493163,0.0,55.1,False,False
493215,0.0,55.1,False,False
493267,0.0,55.1,False,False
493320,0.0,55.1,False,False
493372,0.0,55.1,False,False
493424,0.0,55.1,False,False
493476,0.0,55.1,False,False
493529,0.0,55.1,False,False
493581,0.0,55.1,False,False
493633,0.0,55.1,False,False
493685,0.0,55.1,False,False
493737,0.0,55.1,False,False
493790,0.0,55.1,False,False
493842,0.0,55.1,False,False
493894,0.0,55.1,False,False
493946,0.0,55.1,False,False
493999,0.0,55.1,False,False
494051,0.0,55.1,False,False
494103,0.0,55.1,False,False
494155,0.0,55.1,False,False
494208,0.0,55.1,False,False
494260,0.0,55.1,False,False
494312,0.0,55.1,False,False
494364,0.0,55.1,False,False
494416,0.0,55.1,False,False
494469,0.0,55.1,False,False
494521,0.0,55.1,False,False
494573,0.0,55.1,False,False
494625,0.0,55.1,False,False
494678,0.0,55.1,False,False
494730,0.0,55.1,False,False
494782,0.0,55.1,False,False
494834,0.0,55.1,False,False
494886,0.0,55.1,False,False
494939,0.0,55.1,False,False
494991,0.0,55.1,False,False
495043,0.0,55.1,False,False
495095,0.0,55.1,False,False
495148,0.0,55.1,False,False
495200,0.0,55.1,False,False
495252,0.0,55.1,False,False
495304,0.0,55.1,False,False
495356,0.0,55.1,False,False
495409,0.0,55.1,False,False
495461,0.0,55.1,False,False
495513,0.0,55.1,False,False
495565,0.0,55.1,False,False
495618,0.0,55.1,False,False
495670,0.0,55.1,False,False
495722,0.0,55.1,False,False
495774,0.0,55.1,False,False
495826,0.0,55.1,False,False
495879,0.0,55.1,False,False
495931,0.0,55.1,False,False
495983,0.0,55.1,False,False
496035,0.0,55.1,False,False
496088,0.0,55.1,False,False
496140,0.0,55.1,False,False
496192,0.0,55.1,False,False
496244,0.0,55.1,False,False
496296,0.0,55.1,False,False
496349,0.0,55.1,False,False
496401,0.0,55.1,False,False
496453,0.0,55.1,False,False
496505,0.0,55.1,False,False
496558,0.0,55.1,False,False
496610,0.0,55.1,False,False
496662,0.0,55.1,False,False
496714,0.0,55.1,False,False
496766,0.0,55.1,False,False
496819,0.0,55.1,False,False
496871,0.0,55.1,False,False
496923,0.0,55.1,False,False
496975,0.0,55.1,False,False
497028,0.0,55.1,False,False
497080,0.0,55.1,False,False
497132,0.0,55.1,False,False
497184,0.0,55.1,False,False
497236,0.0,55.1,False,False
497289,0.0,55.1,False,False
497341,0.0,55.1,False,False
497393,0.0,55.1,False,False
497445,0.0,55.1,False,False
497498,0.0,55.1,False,False
497550,0.0,55.1,False,False
497602,0.0,55.1,False,False
497654,0.0,55.1,False,False
497707,0.0,55.1,False,False
497759,0.0,55.1,False,False
497811,0.0,55.1,False,False
497863,0.0,55.42,False,False
497915,0.0,55.1,False,False
497968,0.0,55.1,False,False
498020,0.0,55.42,False,False
498072,0.0,55.1,False,False
498124,0.0,55.1,False,False
498177,0.0,55.1,False,False
498229,0.0,55.1,False,False
498281,0.0,55.1,False,False
498333,0.0,55.1,False,False
498385,0.0,55.1,False,False
498438,0.0,55.1,False,False
498490,0.0,55.1,False,False
498542,0.0,55.1,False,False
498594,0.0,55.1,False,False
498647,0.0,55.1,False,False
498699,0.0,55.1,False,False
498751,0.0,55.1,False,False
498803,0.0,55.1,False,False
498855,0.0,55.1,False,False
498908,0.0,55.1,False,False
498960,0.0,55.1,False,False
499012,0.0,55.1,False,False
499064,0.0,55.1,False,False
499117,0.0,55.1,False,False
499169,0.0,55.1,False,False
499221,0.0,55.1,False,False
499273,0.0,55.1,False,False
499325,0.0,55.1,False,False
499378,0.0,55.1,False,False
499430,0.0,55.1,False,False
499482,0.0,55.1,False,False
499534,0.0,55.1,False,False
499587,0.0,55.1,False,False
499639,0.0,55.1,False,False
499691,0.0,55.1,False,False
499743,0.0,55.1,False,False
499795,0.0,55.1,False,False
499848,0.0,55.1,False,False
499900,0.0,55.1,False,False
499952,0.0,55.1,False,False
500004,0.0,55.1,False,False
500057,0.0,55.1,False,False
500109,0.0,55.1,False,False
500161,0.0,55.1,False,False
500213,0.0,55.1,False,False
500265,0.0,55.1,False,False
500318,0.0,55.1,False,False
500370,0.0,55.1,False,False
500422,0.0,55.1,False,False
500474,0.0,55.1,False,False
500527,0.0,55.1,False,False
500579,0.0,55.1,False,False
500631,0.0,55.1,False,False
500683,0.0,55.1,False,False
500736,0.0,55.1,False,False
500788,0.0,55.1,False,False
500840,0.0,55.1,False,False
500892,0.0,55.1,False,False
500944,0.0,55.1,False,False
500997,0.0,55.1,False,False
501049,0.0,55.1,False,False
501101,0.0,55.1,False,False
501153,0.0,55.1,False,False
501206,0.0,55.1,False,False
501258,0.0,55.1,False,False
501310,0.0,55.1,False,False
501362,0.0,55.1,False,False
501414,0.0,55.1,False,False
501467,0.0,55.1,False,False
501519,0.0,55.1,False,False
501571,0.0,55.1,False,False
501623,0.0,55.1,False,False
501676,0.0,55.1,False,False
501728,0.0,55.1,False,False
501780,0.0,55.1,False,False
501832,0.0,55.1,False,False
501884,0.0,55.1,False,False
501937,0.0,55.42,False,False
501989,0.0,55.42,False,False
502041,0.0,55.42,False,False
502093,0.0,55.1,False,False
502146,0.0,55.42,False,False
502198,0.0,55.1,False,False
502250,0.0,55.1,False,False
502302,0.0,55.42,False,False
502354,0.0,55.42,False,False
502407,0.0,55.42,False,False
502459,0.0,55.42,False,False
502511,0.0,55.42,False,False
502563,0.0,55.42,False,False
502616,0.0,55.42,False,False
502668,0.0,55.42,False,False
502720,0.0,55.42,False,False
502772,0.0,55.42,False,False
502824,0.0,55.42,False,False
502877,0.0,55.42,False,False
502929,0.0,55.42,False,False
502981,0.0,55.42,False,False
503033,0.0,55.42,False,False
503086,0.0,55.1,False,False
503138,0.0,55.42,False,False
503190,0.0,55.42,False,False
503242,0.0,55.42,False,False
503294,0.0,55.1,False,False
503347,0.0,55.42,False,False
503399,0.0,55.42,False,False
503451,0.0,55.42,False,False
503503,0.0,55.42,False,False
503556,0.0,55.42,False,False
503608,0.0,55.42,False,False
503660,0.0,55.42,False,False
503712,0.0,55.42,False,False
503764,0.0,55.42,False,False
503817,0.0,55.42,False,False
503870,0.0,55.42,False,False
503922,0.0,55.42,False,False
503974,0.0,55.42,False,False
504027,0.0,55.42,False,False
504079,0.0,55.42,False,False
504131,0.0,55.42,False,False
504183,0.0,55.42,False,False
504236,0.0,55.42,False,False
504288,0.0,55.42,False,False
504340,0.0,55.42,False,False
504392,0.0,55.42,False,False
504444,0.0,55.42,False,False
504497,0.0,55.1,False,False
504549,0.0,55.42,False,False
504601,0.0,55.42,False,False
504653,0.0,55.42,False,False
504706,0.0,55.1,False,False
504758,0.0,55.1,False,False
504810,0.0,55.1,False,False
504862,0.0,55.1,False,False
504914,0.0,55.1,False,False
504967,0.0,55.1,False,False
505019,0.0,55.1,False,False
505071,0.0,55.1,False,False
505123,0.0,55.1,False,False
505176,0.0,55.1,False,False
505228,0.0,55.1,False,False
505280,0.0,55.1,False,False
505332,0.0,55.1,False,False
505384,0.0,55.1,False,False
505437,0.0,55.1,False,False
505489,0.0,55.1,False,False
505541,0.0,55.1,False,False
505593,0.0,55.1,False,False
505646,0.0,55.1,False,False
505698,0.0,55.1,False,False
505750,0.0,55.1,False,False
505802,0.0,55.1,False,False
505854,0.0,55.1,False,False
505907,0.0,55.1,False,False
505959,0.0,55.1,False,False
506011,0.0,55.1,False,False
506063,0.0,55.1,False,False
506116,0.0,55.1,False,False
506168,0.0,55.1,False,False
506220,0.0,55.1,False,False
506272,0.0,55.1,False,False
506324,0.0,55.1,False,False
506377,0.0,55.1,False,False
506429,0.0,55.1,False,False
506481,0.0,55.1,False,False
506533,0.0,55.1,False,False
506586,0.0,55.1,False,False
506638,0.0,55.1,False,False
506690,0.0,55.1,False,False
506742,0.0,55.1,False,False
506795,0.0,55.1,False,False
506847,0.0,55.1,False,False
506899,0.0,55.1,False,False
506951,0.0,55.1,False,False
507003,0.0,54.78,False,False
507056,0.0,54.78,False,False
507108,0.0,55.1,False,False
507160,0.0,55.1,False,False
507212,0.0,55.1,False,False
507265,0.0,55.1,False,False
507317,0.0,55.1,False,False
507369,0.0,55.1,False,False
507421,0.0,55.1,False,False
507473,0.0,55.1,False,False
507526,0.0,55.1,False,False
507578,0.0,55.1,False,False
507630,0.0,55.1,False,False
507682,0.0,55.1,False,False
507735,0.0,55.1,False,False
507787,0.0,55.1,False,False
507839,0.0,55.1,False,False
507891,0.0,54.78,False,False
507943,0.0,55.1,False,False
507996,0.0,55.1,False,False
508048,0.0,54.78,False,False
508100,0.0,54.78,False,False
508152,0.0,54.78,False,False
508205,0.0,54.78,False,False
508257,0.0,54.78,False,False
508309,0.0,54.78,False,False
508361,0.0,54.78,False,False
508413,0.0,54.78,False,False
508466,0.0,54.78,False,False
508518,0.0,54.78,False,False
508570,0.0,54.78,False,False
508622,0.0,54.78,False,False
508675,0.0,54.78,False,False
508727,0.0,54.78,False,False
508779,0.0,54.78,False,False
508831,0.0,54.78,False,False
508883,0.0,54.78,False,False
508936,0.0,54.78,False,False
508988,0.0,54.78,False,False
509040,0.0,54.78,False,False
509092,0.0,54.78,False,False
509145,0.0,54.78,False,False
509197,0.0,54.78,False,False
509249,0.0,54.78,False,False
509301,0.0,54.78,False,False
509353,0.0,54.78,False,False
509406,0.0,54.78,False,False
509458,0.0,54.78,False,False
509510,0.0,54.78,False,False
509562,0.0,54.78,False,False
509615,0.0,54.78,False,False
509667,0.0,54.78,False,False
509719,0.0,54.78,False,False
509771,0.0,54.78,False,False
509824,0.0,54.78,False,False
509876,0.0,54.78,False,False
509928,0.0,54.78,False,False
509980,0.0,54.78,False,False
510032,0.0,54.78,False,False
510085,0.0,54.78,False,False
510137,0.0,54.78,False,False
510189,0.0,54.78,False,False
510241,0.0,54.78,False,False
510294,0.0,54.78,False,False
510346,0.0,54.78,False,False
510398,0.0,54.78,False,False
510450,0.0,54.78,False,False
510502,0.0,54.78,False,False
510555,0.0,54.78,False,False
510607,0.0,54.78,False,False
510659,0.0,54.78,False,False
510711,0.0,54.78,False,False
510764,0.0,54.78,False,False
510816,0.0,54.78,False,False
510869,0.0,54.78,False,False
510921,0.0,54.78,False,False
510973,0.0,54.78,False,False
511026,0.0,54.78,False,False
511078,0.0,54.78,False,False
511130,0.0,54.78,False,False
511182,0.0,54.78,False,False
511235,0.0,54.78,False,False
511287,0.0,54.78,False,False
511339,0.0,54.78,False,False
511391,0.0,54.78,False,False
511443,0.0,54.78,False,False
511496,0.0,54.78,False,False
511548,0.0,54.78,False,False
511600,0.0,54.78,False,False
511652,0.0,54.78,False,False
511705,0.0,54.78,False,False
511757,0.0,54.78,False,False
511809,0.0,54.78,False,False
511861,0.0,54.78,False,False
511913,0.0,54.78,False,False
511966,0.0,54.78,False,False
512018,0.0,54.78,False,False
512070,0.0,54.78,False,False
512122,0.0,54.78,False,False
512175,0.0,54.78,False,False
512227,0.0,54.78,False,False
512279,0.0,54.78,False,False
512331,0.0,54.78,False,False
512384,0.0,54.78,False,False
512436,0.0,54.78,False,False
512488,0.0,54.78,False,False
512540,0.0,54.78,False,False
512592,0.0,54.78,False,False
512645,0.0,54.78,False,False
512697,0.0,54.78,False,False
512749,0.0,54.78,False,False
512801,0.0,54.78,False,False
512854,0.0,54.78,False,False
512906,0.0,54.78,False,False
512958,0.0,54.78,False,False
513010,0.0,54.78,False,False
513062,0.0,54.78,False,False
513115,0.0,54.78,False,False
513167,0.0,54.78,False,False
513219,0.0,54.78,False,False
513271,0.0,54.78,False,False
513324,0.0,54.78,False,False
513376,0.0,54.78,False,False
513428,0.0,54.78,False,False
513480,0.0,54.46,False,False
513532,0.0,54.78,False,False
513585,0.0,54.78,False,False
513637,0.0,54.78,False,False
513689,0.0,54.78,False,False
513741,0.0,54.78,False,False
513794,0.0,54.78,False,False
513846,0.0,54.78,False,False
513898,0.0,54.78,False,False
513950,0.0,54.78,False,False
514002,0.0,54.78,False,False
514055,0.0,54.78,False,False
514107,0.0,54.78,False,False
514159,0.0,54.78,False,False
514211,0.0,54.78,False,False
514265,0.0,54.78,False,False
514317,0.0,54.78,False,False
514369,0.0,54.78,False,False
514421,0.0,54.78,False,False
514473,0.0,54.78,False,False
514526,0.0,54.78,False,False
514578,0.0,54.78,False,False
514630,0.0,54.78,False,False
514682,0.0,54.78,False,False
514735,0.0,54.78,False,False
514787,0.0,54.78,False,False
514839,0.0,54.78,False,False
514891,0.0,54.78,False,False
514944,0.0,54.46,False,False
514996,0.0,54.78,False,False
515048,0.0,54.78,False,False
515100,0.0,54.78,False,False
515152,0.0,54.78,False,False
515205,0.0,54.78,False,False
515257,0.0,54.78,False,False
515309,0.0,54.78,False,False
515361,0.0,54.78,False,False
515414,0.0,54.78,False,False
515466,0.0,54.78,False,False
515518,0.0,54.78,False,False
515570,0.0,54.78,False,False
515622,0.0,54.78,False,False
515675,0.0,54.78,False,False
515727,0.0,54.78,False,False
515779,0.0,54.78,False,False
515831,0.0,54.78,False,False
515884,0.0,54.78,False,False
515936,0.0,54.78,False,False
515988,0.0,54.78,False,False
516040,0.0,54.78,False,False
516092,0.0,54.78,False,False
516145,0.0,54.78,False,False
516197,0.0,54.78,False,False
516249,0.0,54.78,False,False
516301,0.0,54.78,False,False
516354,0.0,54.78,False,False
516406,0.0,54.78,False,False
516458,0.0,54.78,False,False
516510,0.0,54.78,False,False
516562,0.0,54.78,False,False
516615,0.0,54.78,False,False
516667,0.0,54.78,False,False
516719,0.0,54.78,False,False
516771,0.0,54.78,False,False
516824,0.0,54.78,False,False
516876,0.0,54.78,False,False
516928,0.0,54.78,False,False
516980,0.0,54.78,False,False
517032,0.0,54.78,False,False
517085,0.0,54.78,False,False
517137,0.0,54.78,False,False
517189,0.0,54.78,False,False
517241,0.0,54.78,False,False
517294,0.0,54.78,False,False
517346,0.0,54.78,False,False
517398,0.0,54.78,False,False
517450,0.0,54.78,False,False
517502,0.0,54.78,False,False
517555,0.0,54.78,False,False
517607,0.0,54.78,False,False
517659,0.0,54.78,False,False
517712,0.0,54.78,False,False
517765,0.0,54.78,False,False
517817,0.0,54.78,False,False
517869,0.0,54.78,False,False
517921,0.0,54.78,False,False
517974,0.0,54.78,False,False
518026,0.0,54.78,False,False
518078,0.0,54.78,False,False
518130,0.0,54.78,False,False
518182,0.0,54.78,False,False
518235,0.0,54.78,False,False
518287,0.0,54.78,False,False
518339,0.0,54.78,False,False
518391,0.0,54.78,False,False
518444,0.0,54.78,False,False
518496,0.0,54.78,False,False
518548,0.0,54.78,False,False
518600,0.0,54.78,False,False
518652,0.0,54.78,False,False
518705,0.0,54.78,False,False
518757,0.0,54.78,False,False
518809,0.0,54.78,False,False
518861,0.0,54.78,False,False
518914,0.0,54.78,False,False
518966,0.0,54.78,False,False
519018,0.0,54.78,False,False
519070,0.0,54.78,False,False
519122,0.0,54.78,False,False
519175,0.0,54.78,False,False
519227,0.0,54.78,False,False
519279,0.0,54.78,False,False
519331,0.0,54.78,False,False
519384,0.0,54.78,False,False
519436,0.0,54.78,False,False
519488,0.0,54.78,False,False
519540,0.0,54.78,False,False
519592,0.0,54.78,False,False
519645,0.0,54.78,False,False
519697,0.0,54.78,False,False
519749,0.0,54.78,False,False
519801,0.0,54.78,False,False
519854,0.0,54.78,False,False
519906,0.0,54.78,False,False
519958,0.0,54.78,False,False
520010,0.0,54.78,False,False
520062,0.0,54.78,False,False
520115,0.0,54.78,False,False
520167,0.0,54.78,False,False
520219,0.0,54.78,False,False
520271,0.0,55.1,False,False
520324,0.0,55.1,False,False
520376,0.0,55.1,False,False
520428,0.0,55.1,False,False
520480,0.0,55.1,False,False
520532,0.0,55.1,False,False
520585,0.0,55.1,False,False
520637,0.0,55.1,False,False
520689,0.0,55.1,False,False
520741,0.0,55.1,False,False
520794,0.0,55.1,False,False
520846,0.0,55.1,False,False
520898,0.0,55.1,False,False
520950,0.0,55.1,False,False
521003,0.0,55.1,False,False
521055,0.0,55.1,False,False
521107,0.0,55.1,False,False
521159,0.0,55.1,False,False
521211,0.0,54.78,False,False
521264,0.0,55.1,False,False
521316,0.0,55.1,False,False
521368,0.0,55.1,False,False
521420,0.0,55.1,False,False
521473,0.0,55.1,False,False
521525,0.0,55.1,False,False
521577,0.0,55.1,False,False
521629,0.0,55.1,False,False
521681,0.0,55.1,False,False
521734,0.0,55.1,False,False
521786,0.0,55.1,False,False
521838,0.0,55.1,False,False
521890,0.0,55.1,False,False
521943,0.0,55.1,False,False
521995,0.0,55.1,False,False
522047,0.0,55.1,False,False
522099,0.0,55.1,False,False
522151,0.0,55.1,False,False
522204,0.0,55.1,False,False
522256,0.0,55.1,False,False
522308,0.0,55.1,False,False
522360,0.0,55.1,False,False
522413,0.0,55.1,False,False
522465,0.0,55.1,False,False
522517,0.0,55.1,False,False
522569,0.0,55.1,False,False
522621,0.0,55.1,False,False
522674,0.0,55.1,False,False
522726,0.0,55.1,False,False
522778,0.0,55.1,False,False
522830,0.0,55.1,False,False
522883,0.0,55.42,False,False
522935,0.0,55.42,False,False
522987,0.0,55.42,False,False
523039,0.0,55.42,False,False
523091,0.0,55.42,False,False
523144,0.0,55.42,False,False
523196,0.0,55.42,False,False
523248,0.0,55.42,False,False
523300,0.0,55.42,False,False
523353,0.0,55.42,False,False
523405,0.0,55.42,False,False
523457,0.0,55.42,False,False
523509,0.0,55.1,False,False
523561,0.0,55.42,False,False
523614,0.0,55.42,False,False
523666,0.0,55.42,False,False
523718,0.0,55.42,False,False
523770,0.0,55.42,False,False
523823,0.0,55.42,False,False
523875,0.0,55.42,False,False
523927,0.0,55.42,False,False
523979,0.0,55.42,False,False
524032,0.0,55.42,False,False
524084,0.0,55.42,False,False
524136,0.0,55.42,False,False
524188,0.0,55.1,False,False
524240,0.0,55.1,False,False
524293,0.0,55.42,False,False
524345,0.0,55.42,False,False
524397,0.0,55.1,False,False
524450,0.0,55.42,False,False
524503,0.0,55.42,False,False
524555,0.0,55.42,False,False
524607,0.0,55.1,False,False
524659,0.0,55.42,False,False
524711,0.0,55.42,False,False
524764,0.0,55.42,False,False
524816,0.0,55.42,False,False
524868,0.0,55.42,False,False
524920,0.0,55.42,False,False
524973,0.0,55.42,False,False
525025,0.0,55.42,False,False
525077,0.0,55.42,False,False
525129,0.0,55.42,False,False
525181,0.0,55.42,False,False
525234,0.0,55.42,False,False
525286,0.0,55.42,False,False
525338,0.0,55.42,False,False
525390,0.0,55.42,False,False
525443,0.0,55.42,False,False
525495,0.0,55.42,False,False
525547,0.0,55.42,False,False
525599,0.0,55.42,False,False
525651,0.0,55.42,False,False
525704,0.0,55.42,False,False
525756,0.0,55.42,False,False
525808,0.0,55.42,False,False
525860,0.0,55.42,False,False
525913,0.0,55.42,False,False
525965,0.0,55.42,False,False
526017,0.0,55.42,False,False
526069,0.0,55.42,False,False
526121,0.0,55.42,False,False
526174,0.0,55.42,False,False
526226,0.0,55.42,False,False
526278,0.0,55.42,False,False
526330,0.0,55.42,False,False
526383,0.0,55.42,False,False
526435,0.0,55.42,False,False
526487,0.0,55.42,False,False
526539,0.0,55.42,False,False
526592,0.0,55.42,False,False
526644,0.0,55.42,False,False
526696,0.0,55.42,False,False
526748,0.0,55.42,False,False
526800,0.0,55.1,False,False
526853,0.0,55.42,False,False
526905,0.0,55.42,False,False
526957,0.0,55.42,False,False
527009,0.0,55.42,False,False
527062,0.0,55.42,False,False
527114,0.0,55.42,False,False
527166,0.0,55.42,False,False
527218,0.0,55.42,False,False
527270,0.0,55.42,False,False
527323,0.0,55.42,False,False
527375,0.0,55.42,False,False
527427,0.0,55.42,False,False
527479,0.0,55.42,False,False
527532,0.0,55.42,False,False
527584,0.0,55.42,False,False
527636,0.0,55.42,False,False
527688,0.0,55.42,False,False
527740,0.0,55.42,False,False
527793,0.0,55.42,False,False
527845,0.0,55.42,False,False
527897,0.0,55.42,False,False
527949,0.0,55.42,False,False
528002,0.0,55.42,False,False
528054,0.0,55.42,False,False
528106,0.0,55.42,False,False
528158,0.0,55.42,False,False
528210,0.0,55.42,False,False
528263,0.0,55.42,False,False
528315,0.0,55.42,False,False
528367,0.0,55.42,False,False
528419,0.0,55.42,False,False
528472,0.0,55.42,False,False
528524,0.0,55.42,False,False
528576,0.0,55.42,False,False
528628,0.0,55.42,False,False
528680,0.0,55.42,False,False
528733,0.0,55.42,False,False
528785,0.0,55.42,False,False
528837,0.0,55.42,False,False
528889,0.0,55.42,False,False
528942,0.0,55.42,False,False
528994,0.0,55.42,False,False
529046,0.0,55.42,False,False
529098,0.0,55.42,False,False
529150,0.0,55.42,False,False
529203,0.0,55.42,False,False
529255,0.0,55.42,False,False
529307,0.0,55.42,False,False
529359,0.0,55.42,False,False
529412,0.0,55.42,False,False
529464,0.0,55.42,False,False
529516,0.0,55.42,False,False
529568,0.0,55.42,False,False
529620,0.0,55.42,False,False
529673,0.0,55.42,False,False
529725,0.0,55.42,False,False
529777,0.0,55.42,False,False
529829,0.0,55.42,False,False
529882,0.0,55.42,False,False
529934,0.0,55.42,False,False
529986,0.0,55.42,False,False
530038,0.0,55.42,False,False
530091,0.0,55.42,False,False
530143,0.0,55.42,False,False
530195,0.0,55.42,False,False
530247,0.0,55.42,False,False
530299,0.0,55.42,False,False
530352,0.0,55.42,False,False
530404,0.0,55.42,False,False
530456,0.0,55.42,False,False
530508,0.0,55.42,False,False
530561,0.0,55.42,False,False
530613,0.0,55.42,False,False
530665,0.0,55.42,False,False
530717,0.0,55.42,False,False
530769,0.0,55.42,False,False
530822,0.0,55.42,False,False
530874,0.0,55.42,False,False
530926,0.0,55.42,False,False
530979,0.0,55.42,False,False
531032,0.0,55.42,False,False
531084,0.0,55.42,False,False
531136,0.0,55.42,False,False
531188,0.0,55.42,False,False
531240,0.0,55.42,False,False
531293,0.0,55.42,False,False
531345,0.0,55.42,False,False
531397,0.0,55.42,False,False
531449,0.0,55.42,False,False
531502,0.0,55.42,False,False
531554,0.0,55.42,False,False
531606,0.0,55.42,False,False
531658,0.0,55.42,False,False
531710,0.0,55.42,False,False
531763,0.0,55.42,False,False
531815,0.0,55.42,False,False
531867,0.0,55.42,False,False
531919,0.0,55.42,False,False
531972,0.0,55.42,False,False
532024,0.0,55.42,False,False
532076,0.0,55.42,False,False
532128,0.0,55.42,False,False
532180,0.0,55.42,False,False
532233,0.0,55.42,False,False
532285,0.0,55.42,False,False
532337,0.0,55.42,False,False
532389,0.0,55.42,False,False
532442,0.0,55.42,False,False
532494,0.0,55.42,False,False
532546,0.0,55.42,False,False
532598,0.0,55.42,False,False
532651,0.0,55.42,False,False
532703,0.0,55.42,False,False
532755,0.0,55.42,False,False
532807,0.0,55.42,False,False
532859,0.0,55.42,False,False
532912,0.0,55.42,False,False
532964,0.0,55.42,False,False
533016,0.0,55.42,False,False
533068,0.0,55.42,False,False
533121,0.0,55.42,False,False
533173,0.0,55.42,False,False
533225,0.0,55.42,False,False
533277,0.0,55.42,False,False
533329,0.0,55.42,False,False
533382,0.0,55.42,False,False
533434,0.0,55.42,False,False
533486,0.0,55.42,False,False
533538,0.0,55.42,False,False
533591,0.0,55.42,False,False
533643,0.0,55.42,False,False
533695,0.0,55.1,False,False
533747,0.0,55.1,False,False
533799,0.0,55.1,False,False
533852,0.0,55.1,False,False
533904,0.0,55.1,False,False
533956,0.0,55.1,False,False
534008,0.0,55.1,False,False
534061,0.0,55.1,False,False
534113,0.0,55.1,False,False
534165,0.0,55.1,False,False
534217,0.0,55.1,False,False
534269,0.0,55.1,False,False
534322,0.0,55.1,False,False
534374,0.0,55.1,True,False
534426,0.0,55.1,True,False
534478,0.0,55.1,True,False
534531,0.0,55.1,True,False
534583,0.0,55.1,True,False
534635,0.0,55.1,True,False
534687,0.0,55.1,True,False
534739,0.0,55.1,True,False
534792,0.0,55.1,True,False
534844,0.0,55.1,True,False
534896,0.0,55.1,True,False
534948,0.0,55.1,True,False
535001,0.0,55.1,True,False
535053,0.0,55.1,True,False
535105,0.0,55.1,True,False
535157,0.0,55.1,True,False
535209,0.0,55.1,True,False
535262,0.0,55.1,True,False
535314,0.0,55.1,True,False
535366,0.0,55.1,True,False
535418,0.0,55.1,True,False
535471,0.0,55.1,True,False
535523,0.0,55.1,True,False
535575,0.0,55.1,True,False
535627,0.0,55.1,True,False
535680,0.0,55.1,True,False
535732,0.0,55.1,True,False
535784,0.0,55.1,True,False
535836,0.0,55.1,True,False
535888,0.0,55.1,True,False
535941,0.0,55.1,True,False
535993,0.0,55.1,True,False
536045,0.0,55.1,True,False
536097,0.0,55.1,True,False
536150,0.0,55.1,True,False
536202,0.0,55.1,True,False
536254,0.0,55.1,True,False
536306,0.0,55.1,True,False
536358,0.0,55.1,True,False
536411,0.0,55.1,True,False
536463,0.0,55.1,True,False
536515,0.0,55.1,True,False
536567,0.0,55.1,True,False
536620,0.0,55.1,True,False
536672,0.0,55.1,True,False
536724,0.0,55.1,True,False
536776,0.0,55.1,True,False
536828,0.0,55.1,True,False
536881,0.0,55.1,True,False
536933,0.0,55.1,True,False
536985,0.0,55.1,True,False
537037,0.0,54.78,True,False
537090,0.0,55.1,True,False
537142,0.0,55.1,True,False
537194,0.0,55.1,True,False
537246,0.0,55.1,True,False
537298,0.0,55.1,True,False
537351,0.0,55.1,True,False
537403,0.0,55.1,True,False
537455,0.0,55.1,True,False
537507,0.0,55.1,True,False
537560,0.0,55.1,True,False
537612,0.0,54.78,True,False
537664,0.0,55.1,True,False
537716,0.0,55.1,True,False
537768,0.0,55.1,True,False
537821,0.0,55.1,True,False
537873,0.0,55.1,True,False
537925,0.0,54.78,True,False
537977,0.0,54.78,True,False
538030,0.0,55.1,True,False
538082,0.0,54.78,True,False
538134,0.0,54.78,True,False
538186,0.0,54.78,True,False
538238,0.0,54.78,True,False
538291,0.0,54.78,True,False
538343,0.0,54.78,True,False
538395,0.0,54.78,True,False
538447,0.0,54.78,True,False
538500,0.0,54.78,True,False
538552,0.0,54.46,True,False
538604,0.0,54.46,True,False
538656,0.0,54.46,True,False
538708,0.0,54.46,True,False
538761,0.0,54.14,True,False
538813,0.0,54.46,True,False
538865,0.0,54.46,True,False
538917,0.0,54.46,True,False
538970,0.0,54.14,True,False
539022,0.0,54.14,True,False
539074,0.0,54.14,True,False
539126,0.0,54.14,True,False
539179,0.0,54.14,True,False
539231,0.0,54.14,True,False
539283,0.0,54.14,True,False
539335,0.0,53.82,True,False
539387,0.0,53.82,True,False
539440,0.0,53.82,True,False
539492,0.0,53.82,True,False
539544,0.0,53.82,True,False
539596,0.0,53.82,True,False
539649,0.0,53.82,True,False
539701,0.0,53.82,True,False
539753,0.0,53.82,True,False
539805,0.0,53.5,True,False
539857,0.0,53.82,True,False
539910,0.0,53.82,True,False
539962,0.0,53.5,True,False
540014,0.0,53.5,True,False
540066,0.0,53.5,True,False
540119,0.0,53.5,True,False
540171,0.0,53.5,True,False
540223,0.0,53.5,True,False
540275,0.0,53.5,True,False
540327,0.0,53.5,True,False
540380,0.0,53.5,True,False
540432,0.0,53.5,True,False
540484,0.0,53.5,True,False
540536,0.0,53.5,True,False
540589,0.0,53.5,True,False
540641,0.0,53.5,True,False
540693,0.0,53.5,True,False
540745,0.0,53.5,True,False
540797,0.0,53.5,True,False
540850,0.0,53.5,True,False
540902,0.0,53.5,True,False
540954,0.0,53.5,True,False
541006,0.0,53.5,True,False
541059,0.0,53.5,True,False
541111,0.0,53.5,True,False
541163,0.0,53.5,True,False
541215,0.0,53.18,True,False
541267,0.0,53.18,True,False
541320,0.0,53.18,True,False
541372,0.0,53.18,True,False
541424,0.0,53.18,True,False
541476,0.0,53.18,True,False
541529,0.0,53.18,True,False
541581,0.0,53.18,True,False
541633,0.0,53.18,True,False
541685,0.0,53.18,True,False
541737,0.0,53.18,True,False
541790,0.0,53.18,True,False
541843,0.0,53.18,True,False
541895,0.0,53.18,True,False
541947,0.0,53.18,True,False
542000,0.0,53.18,True,False
542052,0.0,53.18,True,False
542104,0.0,53.18,True,False
542156,0.0,53.18,True,False
542209,0.0,53.18,True,False
542261,0.0,53.18,True,False
542313,0.0,53.18,True,False
542365,0.0,53.18,True,False
542417,0.0,52.86,True,False
542470,0.0,52.86,True,False
542522,0.0,53.18,True,False
542574,0.0,53.18,True,False
542626,0.0,53.18,True,False
542679,0.0,53.18,True,False
542731,0.0,53.18,True,False
542783,0.0,53.18,True,False
542835,0.0,53.18,True,False
542887,0.0,52.86,True,False
542940,0.0,53.18,True,False
542992,0.0,53.18,True,False
543044,0.0,53.18,True,False
543096,0.0,53.18,True,False
543149,0.0,53.18,True,False
543201,0.0,53.18,True,False
543253,0.0,53.18,True,False
543305,0.0,53.18,True,False
543357,0.0,53.18,True,False
543410,0.0,53.18,True,False
543462,0.0,53.18,True,False
543514,0.0,53.18,True,False
543566,0.0,53.18,True,False
543619,0.0,53.18,True,False
543671,0.0,53.18,True,False
543723,0.0,53.18,True,False
543775,0.0,53.18,True,False
543827,0.0,53.18,True,False
543880,0.0,53.18,True,False
543932,0.0,53.18,True,False
543984,0.0,53.18,True,False
544036,0.0,53.18,True,False
544089,0.0,53.18,True,False
544141,0.0,53.18,True,False
544193,0.0,53.18,True,False
544245,0.0,53.18,True,False
544297,0.0,53.18,True,False
544350,0.0,53.18,True,False
544402,0.0,53.18,True,False
544454,0.0,53.18,True,False
544506,0.0,53.18,True,False
544559,0.0,53.18,True,False
544611,0.0,53.18,True,False
544663,0.0,53.18,True,False
544715,0.0,52.86,True,False
544768,0.0,53.18,True,False
544820,0.0,53.18,True,False
544872,0.0,53.18,True,False
544924,0.0,53.18,True,False
544976,0.0,53.18,True,False
545029,0.0,53.18,True,False
545081,0.0,53.18,True,False
545133,0.0,53.18,True,False
545185,0.0,53.18,True,False
545238,0.0,53.18,True,False
545290,0.0,53.18,True,False
545342,0.0,53.18,True,False
545394,0.0,53.18,True,False
545446,0.0,53.18,True,False
545499,0.0,53.18,True,False
545551,0.0,53.18,True,False
545603,0.0,53.18,True,False
545655,0.0,53.18,True,False
545708,0.0,53.18,True,False
545760,0.0,53.18,True,False
545812,0.0,53.18,True,False
545864,0.0,53.18,True,False
545916,0.0,53.18,True,False
545969,0.0,53.18,True,False
546021,0.0,53.18,True,False
546073,0.0,53.18,True,False
546125,0.0,53.18,True,False
546178,0.0,53.18,True,False
546230,0.0,53.18,True,False
546282,0.0,53.18,True,False
546334,0.0,53.18,True,False
546386,0.0,53.18,True,False
546439,0.0,53.18,True,False
546491,0.0,53.18,True,False
546543,0.0,53.18,True,False
546595,0.0,53.18,True,False
546648,0.0,53.18,True,False
546700,0.0,53.18,True,False
546752,0.0,53.18,True,False
546804,0.0,53.18,True,False
546856,0.0,53.18,True,False
546909,0.0,53.18,True,False
546961,0.0,53.18,True,False
547013,0.0,53.18,True,False
547065,0.0,53.18,True,False
547118,0.0,53.18,True,False
547170,0.0,53.18,True,False
547222,0.0,53.18,True,False
547274,0.0,53.18,True,False
547326,0.0,52.86,True,False
547379,0.0,53.18,True,False
547431,0.0,53.18,True,False
547484,0.0,53.18,True,False
547536,0.0,53.18,True,False
547589,0.0,53.18,True,False
547641,0.0,53.18,True,False
547693,0.0,53.18,True,False
547745,0.0,53.18,True,False
547798,0.0,53.18,True,False
547850,0.0,53.18,True,False
547902,0.0,53.18,True,False
547954,0.0,53.18,True,False
548006,0.0,53.18,True,False
548059,0.0,53.18,True,False
548111,0.0,53.18,True,False
548163,0.0,53.18,True,False
548215,0.0,53.18,True,False
548268,0.0,53.18,True,False
548320,0.0,53.18,True,False
548372,0.0,53.18,True,False
548424,0.0,53.18,True,False
548476,0.0,53.18,True,False
548529,0.0,53.18,True,False
548581,0.0,53.18,True,False
548633,0.0,53.18,True,False
548685,0.0,53.18,True,False
548738,0.0,53.18,True,False
548790,0.0,53.18,True,False
548842,0.0,53.18,True,False
548894,0.0,53.18,True,False
548946,0.0,53.18,True,False
548999,0.0,53.18,True,False
549051,0.0,53.18,True,False
549103,0.0,53.18,True,False
549155,0.0,53.18,True,False
549208,0.0,53.18,True,False
549260,0.0,53.18,True,False
549312,0.0,53.18,True,False
549364,0.0,53.18,True,False
549416,0.0,53.18,True,False
549469,0.0,53.18,True,False
549521,0.0,53.18,True,False
549573,0.0,53.18,True,False
549625,0.0,53.18,True,False
549678,0.0,53.18,True,False
549730,0.0,53.18,True,False
549782,0.0,53.18,True,False
549834,0.0,53.18,True,False
549886,0.0,53.18,True,False
549939,0.0,53.18,True,False
549991,0.0,53.18,True,False
550043,0.0,53.18,True,False
550095,0.0,53.18,True,False
550148,0.0,53.18,True,False
550200,0.0,53.18,True,False
550252,0.0,53.18,True,False
550304,0.0,53.18,True,False
550356,0.0,53.18,True,False
550409,0.0,53.18,True,False
550461,0.0,53.18,True,False
550513,0.0,53.18,True,False
550565,0.0,53.18,True,False
550618,0.0,53.18,True,False
550670,0.0,53.18,True,False
550722,0.0,53.18,True,False
550774,0.0,53.18,True,False
550827,0.0,53.18,True,False
550879,0.0,53.18,True,False
550931,0.0,53.18,True,False
550983,0.0,53.18,True,False
551035,0.0,53.18,True,False
551088,0.0,53.18,True,False
551140,0.0,53.18,True,False
551192,0.0,53.18,True,False
551244,0.0,53.18,True,False
551297,0.0,53.18,True,False
551349,0.0,53.18,True,False
551401,0.0,53.18,True,False
551453,0.0,53.18,True,False
551505,0.0,53.18,True,False
551558,0.0,53.18,True,False
551610,0.0,53.18,True,False
551662,0.0,53.18,True,False
551714,0.0,53.18,True,False
551767,0.0,53.18,True,False
551819,0.0,53.18,True,False
551871,0.0,53.18,True,False
551923,0.0,53.18,True,False
551975,0.0,53.18,True,False
552028,0.0,53.18,True,False
552080,0.0,53.18,True,False
552132,0.0,53.18,True,False
552184,0.0,53.18,True,False
552237,0.0,53.18,True,False
552289,0.0,53.18,True,False
552341,0.0,53.18,True,False
552393,0.0,53.18,True,False
552445,0.0,53.18,True,False
552498,0.0,53.18,True,False
552550,0.0,53.18,True,False
552602,0.0,53.18,True,False
552654,0.0,53.18,True,False
552707,0.0,53.18,True,False
552759,0.0,53.18,True,False
552811,0.0,53.18,True,False
552863,0.0,53.18,True,False
552915,0.0,53.18,True,False
552968,0.0,53.18,True,False
553020,0.0,53.5,True,False
553072,0.0,53.5,True,False
553124,0.0,53.5,True,False
553177,0.0,53.5,True,False
553229,0.0,53.5,True,False
553281,0.0,53.5,True,False
553333,0.0,53.5,True,False
553385,0.0,53.5,True,False
553438,0.0,53.5,True,False
553490,0.0,53.5,True,False
553542,0.0,53.5,True,False
553594,0.0,53.5,True,False
553647,0.0,53.5,True,False
553699,0.0,53.5,True,False
553751,0.0,53.5,True,False
553803,0.0,53.5,True,False
553856,0.0,53.5,True,False
553908,0.0,53.5,True,False
553960,0.0,53.5,True,False
554012,0.0,53.5,True,False
554064,0.0,53.5,True,False
554117,0.0,53.5,True,False
554169,0.0,53.5,True,False
554221,0.0,53.5,True,False
554273,0.0,53.5,True,False
554326,0.0,53.5,True,False
554378,0.0,53.5,True,False
554430,0.0,53.82,True,False
554482,0.0,53.5,True,False
554534,0.0,53.5,True,False
554587,0.0,53.5,True,False
554639,0.0,53.5,True,False
554691,0.0,53.5,True,False
554743,0.0,53.5,True,False
554796,0.0,53.5,True,False
554848,0.0,53.5,True,False
554901,0.0,53.5,True,False
554953,0.0,53.5,True,False
555005,0.0,53.5,True,False
555058,0.0,53.5,True,False
555110,0.0,53.5,True,False
555162,0.0,53.5,True,False
555214,0.0,53.82,True,False
555267,0.0,53.82,True,False
555319,0.0,53.82,True,False
555371,0.0,53.82,True,False
555423,0.0,53.82,True,False
555475,0.0,53.82,True,False
555528,0.0,53.82,True,False
555580,0.0,53.82,True,False
555632,0.0,53.82,True,False
555684,0.0,53.82,True,False
555737,0.0,53.82,True,False
555789,0.0,53.82,True,False
555841,0.0,53.82,True,False
555893,0.0,53.82,True,False
555945,0.0,53.82,True,False
555998,0.0,53.82,True,False
556050,0.0,53.82,True,False
556102,0.0,53.82,True,False
556154,0.0,53.82,True,False
556207,0.0,53.82,True,False
556259,0.0,53.82,True,False
556311,0.0,53.82,True,False
556363,0.0,53.82,True,False
556416,0.0,53.82,True,False
556468,0.0,53.82,True,False
556520,0.0,53.82,True,False
556572,0.0,53.82,True,False
556624,0.0,53.82,True,False
556677,0.0,53.82,True,False
556729,0.0,53.82,True,False
556781,0.0,53.82,True,False
556833,0.0,53.82,True,False
556886,0.0,53.82,True,False
556938,0.0,53.82,True,False
556990,0.0,53.82,True,False
557042,0.0,54.14,True,False
557094,0.0,53.82,True,False
557147,0.0,54.14,True,False
557199,0.0,54.14,True,False
557251,0.0,54.14,True,False
557303,0.0,54.14,True,False
557356,0.0,54.14,True,False
557408,0.0,54.14,True,False
557460,0.0,54.14,True,False
557512,0.0,54.14,True,False
557564,0.0,54.14,True,False
557617,0.0,54.14,True,False
557669,0.0,54.14,True,False
557721,0.0,54.14,True,False
557773,0.0,54.14,True,False
557826,0.0,54.14,True,False
557878,0.0,54.14,True,False
557930,0.0,54.14,True,False
557982,0.0,54.14,True,False
558034,0.0,54.14,True,False
558087,0.0,54.14,True,False
558139,0.0,54.14,True,False
558191,0.0,54.14,True,False
558243,0.0,54.14,True,False
558296,0.0,54.14,True,False
558348,0.0,54.14,True,False
558400,0.0,54.14,True,False
558452,0.0,54.14,True,False
558504,0.0,54.14,True,False
558557,0.0,54.14,True,False
558609,0.0,54.14,True,False
558661,0.0,54.14,True,False
558713,0.0,54.14,True,False
558766,0.0,54.14,True,False
558818,0.0,54.14,True,False
558870,0.0,54.14,True,False
558922,0.0,54.14,True,False
558974,0.0,54.14,True,False
559027,0.0,54.14,True,False
559079,0.0,54.14,True,False
559131,0.0,54.14,True,False
559183,0.0,54.14,True,False
559236,0.0,54.14,True,False
559288,0.0,54.14,True,False
559340,0.0,54.14,True,False
559392,0.0,54.14,True,False
559444,0.0,54.14,True,False
559497,0.0,54.14,True,False
559549,0.0,54.14,True,False
559601,0.0,54.14,True,False
559653,0.0,54.14,True,False
559706,0.0,54.14,True,False
559758,0.0,54.14,True,False
559810,0.0,54.14,True,False
559862,0.0,54.14,True,False
559915,0.0,54.14,True,False
559967,0.0,54.14,True,False
560019,0.0,54.14,True,False
560071,0.0,54.14,True,False
560123,0.0,54.14,True,False
560176,0.0,54.14,True,False
560228,0.0,54.14,True,False
560280,0.0,54.14,True,False
560332,0.0,54.14,True,False
560385,0.0,54.14,True,False
560437,0.0,54.14,True,False
560489,0.0,54.14,True,False
560541,0.0,54.14,True,False
560593,0.0,54.14,True,False
560646,0.0,54.14,True,False
560698,0.0,54.14,True,False
560750,0.0,54.14,True,False
560802,0.0,54.14,True,False
560855,0.0,54.14,True,False
560907,0.0,54.14,True,False
560959,0.0,54.14,True,False
561011,0.0,54.14,True,False
561063,0.0,54.14,True,False
561116,0.0,54.14,True,False
561168,0.0,54.14,True,False
561220,0.0,54.14,True,False
561272,0.0,54.14,True,False
561325,0.0,54.14,True,False
561377,0.0,54.14,True,False
561429,0.0,54.14,True,False
561481,0.0,54.14,True,False
561533,0.0,54.14,True,False
561586,0.0,54.14,True,False
561638,0.0,54.14,True,False
561690,0.0,54.14,True,False
561742,0.0,54.14,True,False
561795,0.0,54.14,True,False
561847,0.0,54.14,True,False
561899,0.0,54.14,True,False
561951,0.0,54.14,True,False
562003,0.0,54.14,True,False
562056,0.0,54.14,True,False
562108,0.0,54.14,True,False
562160,0.0,54.14,True,False
562212,0.0,54.14,True,False
562265,0.0,54.14,True,False
562317,0.0,54.14,True,False
562369,0.0,54.14,True,False
562421,0.0,54.14,True,False
562473,0.0,54.14,True,False
562526,0.0,54.14,True,False
562578,0.0,54.14,True,False
562630,0.0,54.14,True,False
562682,0.0,54.14,True,False
562735,0.0,54.14,True,False
562787,0.0,54.14,True,False
562839,0.0,54.14,True,False
562891,0.0,54.14,True,False
562944,0.0,54.14,True,False
562996,0.0,54.14,True,False
563048,0.0,54.14,True,False
563100,0.0,54.14,True,False
563152,0.0,54.14,True,False
563205,0.0,54.14,True,False
563257,0.0,54.14,True,False
563309,0.0,54.14,True,False
563361,0.0,54.14,True,False
563414,0.0,54.14,True,False
563466,0.0,54.14,True,False
563518,0.0,54.14,True,False
563570,0.0,54.14,True,False
563622,0.0,54.14,True,False
563675,0.0,54.14,True,False
563727,0.0,54.14,True,False
563779,0.0,54.14,True,False
563831,0.0,54.14,True,False
563884,0.0,54.14,True,False
563936,0.0,54.14,True,False
563988,0.0,54.14,True,False
564040,0.0,54.14,True,False
564092,0.0,54.14,True,False
564145,0.0,54.14,True,False
564197,0.0,54.14,True,False
564249,0.0,54.14,True,False
564301,0.0,54.14,True,False
564354,0.0,54.14,True,False
564406,0.0,54.14,True,False
564458,0.0,54.14,True,False
564510,0.0,54.14,True,False
564562,0.0,54.14,True,False
564615,0.0,54.14,True,False
564667,0.0,54.14,True,False
564719,0.0,54.14,True,False
564771,0.0,54.14,True,False
564824,0.0,54.14,True,False
564876,0.0,54.14,True,False
564928,0.0,54.14,True,False
564980,0.0,54.14,True,False
565032,0.0,54.14,True,False
565085,0.0,54.14,True,False
565137,0.0,54.14,True,False
565189,0.0,54.14,True,False
565241,0.0,54.14,True,False
565294,0.0,54.14,True,False
565346,0.0,54.14,True,False
565398,0.0,54.14,True,False
565450,0.0,54.14,True,False
565502,0.0,54.14,True,False
565555,0.0,54.14,True,False
565607,0.0,54.14,True,False
565659,0.0,54.14,True,False
565711,0.0,54.14,True,False
565764,0.0,54.14,True,False
565816,0.0,54.14,True,False
565868,0.0,54.14,True,False
565920,0.0,54.14,True,False
565972,0.0,54.14,True,False
566025,0.0,54.14,True,False
566077,0.0,54.14,True,False
566129,0.0,54.14,True,False
566181,0.0,54.14,True,False
566234,0.0,54.14,True,False
566286,0.0,54.14,True,False
566338,0.0,54.14,True,False
566390,0.0,54.14,True,False
566443,0.0,54.14,True,False
566495,0.0,54.46,True,False
566547,0.0,54.46,True,False
566599,0.0,54.46,True,False
566651,0.0,54.46,True,False
566704,0.0,54.46,True,False
566756,0.0,54.46,True,False
566808,0.0,54.46,True,False
566860,0.0,54.46,True,False
566913,0.0,54.46,True,False
566965,0.0,54.46,True,False
567017,0.0,54.46,True,False
567069,0.0,54.46,True,False
567121,0.0,54.46,True,False
567174,0.0,54.46,True,False
567226,0.0,54.46,True,False
567278,0.0,54.46,True,False
567330,0.0,54.46,True,False
567383,0.0,54.46,True,False
567435,0.0,54.46,True,False
567487,0.0,54.46,True,False
567539,0.0,54.46,True,False
567591,0.0,54.46,True,False
567644,0.0,54.46,True,False
567696,0.0,54.46,True,False
567748,0.0,54.46,True,False
567800,0.0,54.46,True,False
567853,0.0,54.46,True,False
567905,0.0,54.46,True,False
567957,0.0,54.46,True,False
568009,0.0,54.46,True,False
568061,0.0,54.46,True,False
568114,0.0,54.46,True,False
568166,0.0,54.46,True,False
568218,0.0,54.46,True,False
568270,0.0,54.46,True,False
568323,0.0,54.46,True,False
568375,0.0,54.46,True,False
568427,0.0,54.46,True,False
568479,0.0,54.46,True,False
568531,0.0,54.46,True,False
568584,0.0,54.46,True,False
568637,0.0,54.46,True,False
568689,0.0,54.46,True,False
568741,0.0,54.46,True,False
568794,0.0,54.46,True,False
568846,0.0,54.46,True,False
568898,0.0,54.46,True,False
568950,0.0,54.46,True,False
569003,0.0,54.46,True,False
569055,0.0,54.46,True,False
569107,0.0,54.46,True,False
569159,0.0,54.46,True,False
569211,0.0,54.46,True,False
569264,0.0,54.46,True,False
569316,0.0,54.46,True,False
569368,0.0,54.46,True,False
569420,0.0,54.46,True,False
569473,0.0,54.46,True,False
569525,0.0,54.46,True,False
569577,0.0,54.46,True,False
569629,0.0,54.46,True,False
569681,0.0,54.46,True,False
569734,0.0,54.46,True,False
569786,0.0,54.46,True,False
569838,0.0,54.46,True,False
569890,0.0,54.46,True,False
569943,0.0,54.46,True,False
569995,0.0,54.46,True,False
570047,0.0,54.46,True,False
570099,0.0,54.46,True,False
570151,0.0,54.46,True,False
570204,0.0,54.46,True,False
570256,0.0,54.46,True,False
570308,0.0,54.46,True,False
570360,0.0,54.46,True,False
570413,0.0,54.46,True,False
570465,0.0,54.46,True,False
570517,0.0,54.46,True,False
570569,0.0,54.46,True,False
570621,0.0,54.46,True,False
570674,0.0,54.78,True,False
570726,0.0,54.46,True,False
570778,0.0,54.46,True,False
570830,0.0,54.46,True,False
570883,0.0,54.46,True,False
570935,0.0,54.46,True,False
570987,0.0,54.46,True,False
571039,0.0,54.46,True,False
571091,0.0,54.46,True,False
571144,0.0,54.46,True,False
571196,0.0,54.46,True,False
571248,0.0,54.46,True,False
571300,0.0,54.46,True,False
571353,0.0,54.46,True,False
571405,0.0,54.46,True,False
571457,0.0,54.46,True,False
571509,0.0,54.46,True,False
571561,0.0,54.46,True,False
571614,0.0,54.46,True,False
571666,0.0,54.46,True,False
571718,0.0,54.46,True,False
571770,0.0,54.46,True,False
571823,0.0,54.46,True,False
571875,0.0,54.46,True,False
0,0,0,True,False
572006,0.0,54.46,True,False
572058,0.0,54.46,True,False
572136,0.0,54.46,True,False
572188,0.0,54.46,True,False
572240,0.0,54.46,True,False
572293,0.0,54.46,True,False
572345,0.0,54.46,True,False
572397,0.0,54.46,True,False
572449,0.0,54.46,True,False
572502,0.0,54.46,True,False
572554,0.0,54.46,True,False
572606,0.0,54.46,True,False
572658,0.0,54.46,True,False
572710,0.0,54.46,True,False
572763,0.0,54.46,True,False
572815,0.0,54.46,True,False
572867,0.0,54.46,True,False
572919,0.0,54.46,True,False
572972,0.0,54.46,True,False
573024,0.0,54.46,True,False
573076,0.0,54.46,True,False
573128,0.0,54.46,True,False
573180,0.0,54.46,True,False
573233,0.0,54.46,True,False
573285,0.0,54.46,True,False
573337,0.0,54.46,True,False
573389,0.0,54.46,True,False
573442,0.0,54.46,True,False
573494,0.0,54.46,True,False
573546,0.0,54.46,True,False
573598,0.0,54.46,True,False
573650,0.0,54.46,True,False
573704,0.0,54.46,True,False
573756,0.0,54.46,True,False
573808,0.0,54.46,True,False
573860,0.0,54.46,True,False
573913,0.0,54.46,True,False
573965,0.0,54.46,True,False
574017,0.0,54.46,True,False
574069,0.0,54.46,True,False
574121,0.0,54.46,True,False
574174,0.0,54.46,True,False
574226,0.0,54.46,True,False
574278,0.0,54.46,True,False
574330,0.0,54.46,True,False
574383,0.0,54.46,True,False
574435,0.0,54.46,True,False
574487,0.0,54.46,True,False
574539,0.0,54.46,True,False
574592,0.0,54.46,True,False
574644,0.0,54.46,True,False
574696,0.0,54.46,True,False
574748,0.0,54.46,True,False
574800,0.0,54.46,True,False
574853,0.0,54.46,True,False
574905,0.0,54.46,True,False
574957,0.0,54.46,True,False
575009,0.0,54.46,True,False
575062,0.0,54.46,True,False
575114,0.0,54.46,True,False
575166,0.0,54.46,True,False
575218,0.0,54.46,True,False
575270,0.0,54.46,True,False
575323,0.0,54.46,True,False
575375,0.0,54.46,True,False
575427,0.0,54.46,True,False
575479,0.0,54.46,True,False
575532,0.0,54.46,True,False
575584,0.0,54.46,True,False
575636,0.0,54.46,True,False
575688,0.0,54.46,True,False
575740,0.0,54.46,True,False
575793,0.0,54.46,True,False
575845,0.0,54.46,True,False
575897,0.0,54.46,True,False
575949,0.0,54.46,True,False
576002,0.0,54.46,True,False
576054,0.0,54.46,True,False
576106,0.0,54.46,True,False
576158,0.0,54.46,True,False
576210,0.0,54.46,True,False
576263,0.0,54.46,True,False
576315,0.0,54.46,True,False
576367,0.0,54.46,True,False
576419,0.0,54.46,True,False
576472,0.0,54.46,True,False
576524,0.0,54.46,True,False
576576,0.0,54.46,True,False
576628,0.0,54.46,True,False
576680,0.0,54.46,True,False
576733,0.0,54.46,True,False
576785,0.0,54.46,True,False
576837,0.0,54.46,True,False
576889,0.0,54.46,True,False
576942,0.0,54.46,True,False
576994,0.0,54.46,True,False
577046,0.0,54.46,True,False
577098,0.0,54.46,True,False
577150,0.0,54.46,True,False
577203,0.0,54.46,True,False
577255,0.0,54.46,True,False
577307,0.0,54.46,True,False
577359,0.0,54.46,True,False
577412,0.0,54.46,True,False
577464,0.0,54.46,True,False
577516,0.0,54.46,True,False
577568,0.0,54.46,True,False
577620,0.0,54.46,True,False
577673,0.0,54.46,True,False
577725,0.0,54.46,True,False
577777,0.0,54.46,True,False
577829,0.0,54.46,True,False
577882,0.0,54.46,True,False
577934,0.0,54.46,True,False
577986,0.0,54.46,True,False
578038,0.0,54.46,True,False
578091,0.0,54.46,True,False
578143,0.0,54.46,True,False
578195,0.0,54.46,True,False
578247,0.0,54.46,True,False
578299,0.0,54.46,True,False
578352,0.0,54.46,True,False
578404,0.0,54.46,True,False
578456,0.0,54.46,True,False
578508,0.0,54.46,True,False
578561,0.0,54.46,True,False
578614,0.0,54.46,True,False
578666,0.0,54.46,True,False
578718,0.0,54.46,True,False
578770,0.0,54.46,True,False
578823,0.0,54.46,True,False
578875,0.0,54.46,True,False
578927,0.0,54.46,True,False
578979,0.0,54.46,True,False
579032,0.0,54.46,True,False
579084,0.0,54.46,True,False
579136,0.0,54.46,True,False
579188,0.0,54.46,True,False
579240,0.0,54.46,True,False
579293,0.0,54.46,True,False
579345,0.0,54.46,True,False
579397,0.0,54.46,True,False
579449,0.0,54.46,True,False
579502,0.0,54.46,True,False
579554,0.0,54.46,True,False
579606,0.0,54.46,True,False
579658,0.0,54.46,True,False
579710,0.0,54.46,True,False
579763,0.0,54.46,True,False
579815,0.0,54.46,True,False
579867,0.0,54.46,True,False
579919,0.0,54.46,True,False
579972,0.0,54.46,True,False
580024,0.0,54.46,True,False
580076,0.0,54.46,True,False
580128,0.0,54.46,True,False
580180,0.0,54.46,True,False
580233,0.0,54.46,True,False
580285,0.0,54.46,True,False
580337,0.0,54.46,True,False
580389,0.0,54.46,True,False
580442,0.0,54.46,True,False
580494,0.0,54.46,True,False
580546,0.0,54.46,True,False
580598,0.0,54.46,True,False
580651,0.0,54.46,True,False
580703,0.0,54.46,True,False
580755,0.0,54.46,True,False
580807,0.0,54.46,True,False
580859,0.0,54.46,True,False
580912,0.0,54.46,True,False
580964,0.0,54.46,True,False
581016,0.0,54.46,True,False
581068,0.0,54.46,True,False
581121,0.0,54.46,True,False
581173,0.0,54.46,True,False
581225,0.0,54.46,True,False
1329,0.0,54.46,True,False
581382,0.0,54.46,True,False
581434,0.0,54.46,True,False
581486,0.0,54.46,True,False
581538,0.0,54.46,True,False
581591,0.0,54.46,True,False
581643,0.0,54.46,True,False
581695,0.0,54.46,True,False
581747,0.0,54.46,True,False
581799,0.0,54.46,True,False
581852,0.0,54.46,True,False
581904,0.0,54.46,True,False
581956,0.0,54.46,True,False
582008,0.0,54.46,True,False
582061,0.0,54.46,True,False
582113,0.0,54.14,True,False
582165,0.0,54.14,True,False
582217,0.0,54.46,True,False
582269,0.0,54.46,True,False
582322,0.0,54.46,True,False
582374,0.0,54.46,True,False
582426,0.0,54.46,True,False
582478,0.0,54.46,True,False
582531,0.0,54.46,True,False
582583,0.0,54.46,True,False
582635,0.0,54.46,True,False
582687,0.0,54.46,True,False
582739,0.0,54.46,True,False
582792,0.0,54.46,True,False
582844,0.0,54.46,True,False
582896,0.0,54.46,True,False
582948,0.0,54.46,True,False
583001,0.0,54.46,True,False
583053,0.0,54.46,True,False
583105,0.0,54.46,True,False
583157,0.0,54.46,True,False
583209,0.0,54.46,True,False
583262,0.0,54.46,True,False
583314,0.0,54.46,True,False
583366,0.0,54.14,True,False
583418,0.0,54.46,True,False
583471,0.0,54.46,True,False
583524,0.0,54.46,True,False
583576,0.0,54.46,True,False
583628,0.0,54.46,True,False
583681,0.0,54.46,True,False
583733,0.0,54.46,True,False
583785,0.0,54.46,True,False
583837,0.0,54.46,True,False
583915,0.0,54.46,True,False
583967,0.0,54.46,True,False
584019,0.0,54.46,True,False
584072,0.0,54.46,True,False
584124,0.0,54.46,True,False
584176,0.0,54.46,True,False
584228,0.0,54.46,True,False
584281,0.0,54.46,True,False
584333,0.0,54.46,True,False
584385,0.0,54.46,True,False
584437,0.0,54.46,True,False
584489,0.0,54.46,True,False
584542,0.0,54.46,True,False
584594,0.0,54.46,True,False
584646,0.0,54.46,True,False
584698,0.0,54.46,True,False
584751,0.0,54.46,True,False
584803,0.0,54.46,True,False
584855,0.0,54.46,True,False
584907,0.0,54.46,True,False
584960,0.0,54.46,True,False
585012,0.0,54.46,True,False
585064,0.0,54.46,True,False
585116,0.0,54.46,True,False
585168,0.0,54.46,True,False
585221,0.0,54.46,True,False
585273,0.0,54.46,True,False
585325,0.0,54.46,True,False
585377,0.0,54.46,True,False
585430,0.0,54.46,True,False
585482,0.0,54.46,True,False
585534,0.0,54.46,True,False
585586,0.0,54.46,True,False
585638,0.0,54.78,True,False
585691,0.0,54.46,True,False
585743,0.0,54.46,True,False
585795,0.0,54.46,True,False
585847,0.0,54.46,True,False
585900,0.0,54.46,True,False
0,0,0,True,False
586004,0.0,54.46,True,False
586056,0.0,54.46,True,False
586108,0.0,54.46,True,False
586161,0.0,54.46,True,False
586214,0.0,54.46,True,False
586266,0.0,54.46,True,False
586318,0.0,54.46,True,False
586371,0.0,54.46,True,False
586423,0.0,54.46,True,False
586475,0.0,54.46,True,False
586527,0.0,54.46,True,False
586579,0.0,54.46,True,False
586632,0.0,54.46,True,False
586710,0.0,54.46,True,False
0,0,0,True,False
586841,0.0,54.46,True,False
586893,0.0,54.46,True,False
586945,0.0,54.46,True,False
586997,0.0,54.46,True,False
587049,0.0,54.46,True,False
587102,0.0,54.46,True,False
587154,0.0,54.78,True,False
587206,0.0,54.46,True,False
587258,0.0,54.46,True,False
587311,0.0,54.78,True,False
587363,0.0,54.46,True,False
587415,0.0,54.78,True,False
587467,0.0,54.78,True,False
587520,0.0,54.78,True,False
587572,0.0,54.78,True,False
587624,0.0,54.46,True,False
587676,0.0,54.78,True,False
